3 0.4912390488110138 0.6451052745821577 0.00347656793213739 0.004341219882787058
3 0.4848943123348631 0.6444540915997395 0.0064316506744541745 0.003907097894508328
3 0.4873279098873592 0.6467332320382027 0.0057363370880266565 0.005426524853483844
1 0.4959324155193993 0.6457564575645757 0.00243359755249618 0.004341219882787058
3 0.506275205117508 0.6520512263946169 0.010603532193019084 0.010418927718688957
1 0.5243533583646225 0.6538962448448014 0.0033027395355305442 0.012806598654221851
1 0.5270476985120289 0.6559583242891251 0.003824224725351149 0.014326025613197284
1 0.5430399109998609 0.6523768178858259 0.00556250869141981 0.008465378771434794
1 0.6134404116256432 0.6797265031473844 0.016339869281045673 0.04015628391578031
3 0.4715171498486167 0.6506926911374377 0.011924018083032678 0.01116721693532726
3 0.5020400439633362 0.7097656502880818 0.06856310397743767 0.08334951770570335
3 0.36517305379287457 0.7030491357545153 0.08567147774874535 0.08448242377160609
3 0.3978690570002627 0.6437064370643706 0.011984502232729214 0.0077900779007789986
3 0.38604872603099555 0.6431939319393194 0.010999474651956907 0.008815088150881518
3 0.37045245600210136 0.6444239442394423 0.01592461255581817 0.0096350963509635
3 0.36068426582610985 0.6368388683886839 0.028237457315471462 0.02849528495284951
3 0.33310349356448643 0.6445264452644526 0.01641712634620439 0.008200082000820074
3 0.23665287628053583 0.6545715457154572 0.04022195954820071 0.025010250102501044
3 0.19142369319674285 0.6554940549405494 0.0416995009193591 0.03341533415334149
3 0.1363442343052272 0.6665641656416563 0.08914499605988967 0.0444854448544485
1 0.7055828332424077 0.7451036048822026 0.05455537370430991 0.12319046267385758
3 0.9583446990361884 0.7370564859494749 0.08271958537915991 0.10596082883905764
3 0.48139018624228797 0.6404464044640447 0.004180360952545724 0.005040050400503952
