1 0.19457763127226718 0.6595940959409594 0.010613325342123685 0.0352112676056338
1 0.22870675590184134 0.6624525752299777 0.023307694868977474 0.03235278831661552
1 0.23678426574218842 0.660964596866416 0.045695209178317056 0.03383516263277643
1 0.2601039282774039 0.6586067458118671 0.00547587217426113 0.024639543520035785
1 0.2546752618977485 0.6606698654845974 0.007647338726123294 0.03159520413095508
1 0.28668079064041274 0.6626150926046002 0.006892046012432116 0.03076995626186291
1 0.28148815323378573 0.6625561463282365 0.0265296565684031 0.03230255944731971
1 0.3487092047523017 0.6643834808955118 0.007836161904546073 0.023932188203671236
3 0.3710375456007976 0.6543626139136791 0.015483500630669401 0.004597809556370323
3 0.38548251875014167 0.6555415394409535 0.014917031095401033 0.004833594661825228
3 0.4566216512209307 0.668391827688245 0.019920845323605135 0.02275326267639671
3 0.42631553108407166 0.6591962085755042 0.03521552277585179 0.03642879879278031
3 0.4377393333786509 0.6706907324664301 0.02879553470947667 0.022399585018214437
3 0.4916955566129654 0.6642066420664207 0.009441158921139902 0.009195619112740645
3 0.4773449950528328 0.6671539558846068 0.013406445668018609 0.012496610589109072
1 0.485464391725013 0.6626150926046002 0.0030211708547647825 0.01237871803638162
3 0.49745466355486073 0.6624972000518727 0.004342933103724329 0.006248305294554578
3 0.5671776221874788 0.6644424271718755 0.005759106941895347 0.005658842530917314
3 0.5796399519633835 0.6591962085755042 0.007458515547700517 0.012614503141836524
3 0.5551401445630254 0.6574278202845927 0.004342933103724396 0.0031830989236409737
3 0.5371075310236483 0.6567204649682279 0.0039652867468787725 0.00389045424000569
3 0.5434803132954177 0.6581941218773211 0.005192637406626913 0.0025936361600037094
3 0.5434803132954177 0.664560319724603 0.006703222834009337 0.009667189323650457
3 0.541379723849659 0.6683245093320498 0.004368383184294331 0.011230547088079525
3 0.532385993764347 0.660249211187764 0.005567547195669257 0.003636558104711443
3 0.5354695583650255 0.6691266912669126 0.010021584952204784 0.013904486870955714
3 0.5349128036454586 0.6716936734584736 0.007880220646178049 0.014118402053585706
3 0.5221074450954192 0.662602278196695 0.008308493507383422 0.003850473287341602
3 0.5255336279850618 0.6657575271404887 0.011563367252543956 0.007593988983368083
3 0.51092952341796 0.6677897213754745 0.011306403535820771 0.011016631905449534
3 0.5231352999623119 0.6705706187496657 0.018758351320793513 0.013583614097010518
3 0.5069608615707907 0.7156211562115622 0.13028631468347782 0.08413284132841337
3 0.6094236295181921 0.6701082162336774 0.006964841480207907 0.00708188900070818
3 0.6203186315479459 0.6735870389006919 0.00885529845340715 0.00882130033421542
3 0.7308606156123887 0.6732143079006547 0.00805931656995493 0.0038515536670518055
3 0.7134982607795847 0.6963857517363052 0.0861650388837151 0.0474610806714127
3 0.798270331367258 0.6794264912346093 0.017710596906814435 0.006584914333991886
1 0.7588692281363676 0.6929069290692907 0.01213872372264808 0.025842682669250914
1 0.7686200062086586 0.6939008784027233 0.018904569731992834 0.02956999266962367
1 0.7973251028806584 0.6965721172363237 0.02756087271453696 0.033421546336675476
1 0.8681177416402002 0.7031570315703156 0.027859365920831627 0.03590641967025728
1 0.9589591740891976 0.7149601799048293 0.02427744744529616 0.03267608433660099
3 0.9835351147407885 0.7306770037397343 0.032237266279819446 0.04323679600432365
1 0.940850586240657 0.7121646974045497 0.008556805247112482 0.026091170002609104
1 0.9322937809935445 0.709804067737647 0.025869411212200873 0.03329730266999642
3 0.8185579196217494 0.6812259959334287 0.011217252858590248 0.005422095037276929
3 0.8324890239783856 0.6834852021989607 0.013991412167704005 0.004217185028993111
1 0.9791377251346545 0.7014874272454065 0.009748726572591421 0.009129988207098575
