3 0.015938069216757743 0.6496279716895529 0.03148858659845754 0.03399673340995698
3 0.03148858659845754 0.6342629000060492 0.06297717319691508 0.048998850644244155
3 0.12672945006394604 0.6485391083419031 0.12537301864124326 0.048272941745810934
3 0.10228456039626253 0.6286790546476894 0.0455575256107171 0.012849235635213532
3 0.11169509174828324 0.616653487963451 0.048547787909490034 0.01691266912669124
3 0.12752589215355173 0.6125351432085749 0.021987222785095115 0.009334914777719201
3 0.143532590341101 0.6162691091196626 0.018996960486322188 0.007358109295378652
3 0.15074439941461218 0.6276906519065191 0.029374929640887077 0.023831488314883204
3 0.16486019644264327 0.6170927780706378 0.02946287853202749 0.011201897733263059
3 0.182362025779579 0.6293929010718678 0.035267505347292574 0.028773502020734452
3 0.21679924605456516 0.6286027725142116 0.046083317359913105 0.028522987932582025
3 0.24758801354546034 0.6311459060536552 0.04121142419014757 0.024234566669991003
3 0.26143527473314704 0.622889410712289 0.01567089333046779 0.011293749301129424
3 0.2735690235690236 0.6311640389131165 0.02865534780428395 0.016884714301688468
3 0.2932248012035246 0.6316672257631666 0.02050648327244075 0.014983786201498426
3 0.3015079876782004 0.6304931231130493 0.012894906511927786 0.011741026501174163
3 0.3050003581918475 0.6263558090126355 0.008775700265062015 0.005702784300570293
3 0.3182885063502542 0.6300363719627649 0.02426129984145518 0.010920395600137403
1 0.3219070133963751 0.6424969249692497 0.006698187549251402 0.023247232472324724
3 0.3664898726674433 0.6449057285961908 0.02955082742316785 0.02094920084647528
3 0.3776103230890465 0.6381918819188191 0.007584712371946437 0.008979089790897964
3 0.4099285069837028 0.6444640533361856 0.021841915921471923 0.022550225502255012
3 0.4048401535159303 0.636647161450694 0.010818817571243434 0.010190060059596356
3 0.4212288996723487 0.6392017867547095 0.01023910248434321 0.012947497896031541
3 0.41755086465255664 0.629950315251184 0.006375532845628301 0.005636749280878613
3 0.4220745215224073 0.6278400939524766 0.008710280054206812 0.010276052127609903
3 0.4396959321757561 0.6478241506552997 0.02305474036031633 0.02226746405395083
3 0.4365896438648669 0.6358990001190334 0.015490353084725104 0.007067610998690664
3 0.4293508827118127 0.6340763004404237 0.007447285136887072 0.007142006903939972
3 0.5579928673900305 0.6581354275081214 0.04053767351639689 0.02538871542561576
3 0.47965743585779536 0.6460580954583388 0.017714392460754517 0.015986808369446097
3 0.46818789186966797 0.637959249157709 0.010175763182238628 0.011808118081180811
3 0.4555233344726423 0.6347530342773307 0.00787725369563362 0.007335615524829927
3 0.44974452833066425 0.6300440423759076 0.007435369480668063 0.009046542078324003
3 0.44414416990772515 0.6300440423759076 0.004337298863723043 0.008451374836328957
1 0.8983569269023197 0.6980932359124388 0.05898392246616372 0.059540436041810675
3 0.9552142085962658 0.6884315890402999 0.08898056625900486 0.04380102856146674
3 0.9171227266804415 0.6803323938751199 0.018382010759293372 0.013074933898945252
3 0.8599005264901042 0.6816763819812112 0.09293521088155689 0.03600905574273133
3 0.8430551272826944 0.6729415120238159 0.09065108895512836 0.03422642922081393
3 0.7744600906796405 0.6741002192630623 0.07280638640490632 0.029769862916020424
3 0.7465509758910932 0.6700001782626522 0.05182101620584501 0.027630711089719588
3 0.7018678407053369 0.6649196926751877 0.04125695229611366 0.031374226785746154
1 0.656558768260896 0.6636547134702117 0.010355418156836547 0.03264263411864892
1 0.6467716352468126 0.6632604787586337 0.009723990220444123 0.030592613618443877
1 0.6209462326483605 0.6580565805658057 0.008334848760380735 0.027123348156558466
1 0.613495382998929 0.658371968335068 0.011870845204178474 0.02680796038729613
1 0.5969152601389118 0.6464715809948797 0.004237909359136451 0.008581481163648824
