3 0.9921990824217655 0.7955125398711616 0.015010818608005759 0.0626117956094815
3 0.8880274071402814 0.6970417161798738 0.22138077493288455 0.18825442491713065
3 0.760808590776135 0.6667083619988743 0.02904996594141919 0.021264619425855304
3 0.7640641904075008 0.7061104509350178 0.038566334094642746 0.05378697854775151
3 0.6886845374043356 0.7458252548627182 0.1472532756340907 0.13696916630183253
1 0.6844272148094723 0.6651447870410908 0.008514645189726375 0.021890049408968673
3 0.5372877713303246 0.7681985910768199 0.19745325596389435 0.21133847702113376
3 0.6017623038899635 0.662529352566253 0.038953363421448575 0.02348205300234816
3 0.6576738125940255 0.6644163032539417 0.036602729421878394 0.02390137537739013
3 0.6395403503116269 0.6560298557531029 0.042647216849344555 0.018869506876886988
3 0.5686855254674403 0.6581264676283126 0.021827315710294403 0.02054679637705462
3 0.5448433806146572 0.6526752767527675 0.017126047711154106 0.01719221737671919
3 0.526542015903718 0.6476434082522644 0.013432194283258125 0.012998993626299906
3 0.519825918762089 0.6459661187520966 0.011417365140769426 0.015514927876551477
3 0.5104233827638083 0.6442888292519289 0.009402535998280727 0.010483059376048336
3 0.49816650548033525 0.6451274740020128 0.012424779712013742 0.012998993626299906
3 0.47835401891252954 0.643450184501845 0.009738340855362144 0.01132170412613211
3 0.41102514506769827 0.637789332438779 0.014775413711583925 0.010063737001006367
1 0.4221067053513862 0.636950687688695 0.004029658284977465 0.006709158000670939
3 0.43234875349237056 0.6375796712512579 0.010409950569525043 0.005451190875545111
3 0.39121265849989256 0.6482723918148273 0.020148291424887187 0.02096611875209659
3 0.3917163657855147 0.6340154310634015 0.012424779712013742 0.010063737001006367
3 0.36653100150440576 0.636950687688695 0.016454437996991207 0.014256960751425735
3 0.37761256178809366 0.6392569607514257 0.008395121427036278 0.016353572626635334
3 0.36216553836234694 0.6507883260650789 0.02988663228024933 0.027675276752767528
3 0.32455539436922415 0.6484820530023482 0.03190146142273803 0.030610533378060984
1 0.28644154309047926 0.6455467963770546 0.010745755426606494 0.020546796377054703
3 0.26360681280894044 0.637789332438779 0.040968192563937245 0.025159342502515957
3 0.2874489576617236 0.6365313653136532 0.024177949709864584 0.020966118752096672
3 0.3002095422308188 0.6396762831264676 0.024177949709864584 0.01719221737671919
3 0.23086583924349882 0.6365313653136532 0.030558241994412233 0.021804763502180444
3 0.21038174296153023 0.6367410265011741 0.03458790027938966 0.020546796377054703
3 0.20316193853427897 0.6400956055015096 0.03626692456479691 0.022224085877222417
3 0.18905813453685794 0.6419825561891982 0.03962497313561144 0.02348205300234816
3 0.15732457554266063 0.6440791680644079 0.048020094562647754 0.029352566252935242
3 0.11467735869331613 0.6375796712512579 0.050706533419299385 0.024740020127473988
3 0.09301794541156243 0.6593844347534383 0.09469696969696971 0.044028849379402865
1 0.06951160541586074 0.6268869506876887 0.010745755426606494 0.01677289500167722
1 0.08260799484203739 0.6291932237504194 0.012760584569095209 0.016353572626635334
3 0.030054534708790027 0.6491110365649111 0.058765849989254236 0.04528681650452869
3 0.616897050187469 0.6503396244153524 0.02766860911595979 0.0131619150586411
3 0.581793678758037 0.6505746586128281 0.01317552815045702 0.012691846663689605
3 0.5642890485010014 0.6545702399699156 0.021080845040731246 0.02021294098291302
3 0.534644110162473 0.6469316285519543 0.007340651398111781 0.009166333701553604
3 0.5689004833536613 0.6430535642936046 0.00922286970531984 0.003760547159611707
3 0.48436910708208003 0.6406593248811866 0.0051742693931616885 0.005168923284563588
3 0.37516702641587013 0.6296236875412233 0.009993033428124385 0.0035652530438348073
3 0.34211863729285874 0.6429042551295079 0.006709608158883521 0.014439274827530818
3 0.30899886935964643 0.6347041731286879 0.009850275807722594 0.008734869957395261
1 0.22448635808179443 0.6372889815854681 0.0069951233996871035 0.015330588088489604
3 0.20442891241534475 0.6257910405191008 0.020271582097052352 0.006952243435477773
3 0.13290734459405443 0.6261475658234844 0.03226322221080161 0.008021819348628232
3 0.044748395812225596 0.6275321936892838 0.08925556038018043 0.039310189020257506
