1 0.6873372834186193 0.6866271194357513 0.009351527665559502 0.014012798355831677
1 0.6993072388305354 0.6775188005044607 0.009351527665559502 0.03316362277546826
3 0.8160143040967172 0.8304918492222896 0.2913936020588323 0.19244243075342135
3 0.9589056468264656 0.7202578354897472 0.07967501571056655 0.23634919893502723
3 0.8803528144357662 0.7438460460553972 0.09014872669599303 0.08641225652762853
3 0.9048538169195319 0.6910645055817647 0.05760541041984622 0.04530804801718901
3 0.7986204626387766 0.6957354383670419 0.11895143190591613 0.049978980802466294
3 0.7887078433132837 0.6728478677191835 0.035535805129125894 0.01541407819141481
3 0.6731229613669688 0.6726143210799196 0.04152078283508394 0.021486290812275228
3 0.6497441422030703 0.6644401887056846 0.045635455007930134 0.021019197533747515
3 0.6099066343477871 0.708814050165818 0.08191938235030076 0.08360969685646226
3 0.6142083370739444 0.6658414685412677 0.03441362180925878 0.010743145406137614
3 0.6229987730795703 0.6576673361670325 0.0407726606218392 0.014012798355831677
3 0.5637100876799234 0.6849922929609042 0.04339108836819585 0.03970292867485639
3 0.5467672626083531 0.6619003690036901 0.01923881993695819 0.015375153751537543
3 0.570256157045815 0.6597692559204074 0.02506209414369935 0.01261151852024846
3 0.5249947631445072 0.6560325096921855 0.01608462758476222 0.015414078191414894
3 0.49095520244187085 0.6945677051707225 0.0677050602986504 0.08781353636321175
3 0.4686985665978394 0.6628053622308375 0.010473710985426543 0.025223037040497002
3 0.48590537750246876 0.6492596571535336 0.005236855492713305 0.00747349245644355
3 0.3205703683753778 0.6649072819842122 0.04413921058144059 0.03690036900369004
3 0.35760241793099323 0.6581344294455602 0.030673010743034957 0.031762342939885044
3 0.37873687045515747 0.655331869774394 0.01458838315827274 0.01774954458405345
3 0.3952157786658191 0.6480814038383285 0.0146288221968265 0.006985358940144283
3 0.4159559505640841 0.645055817646784 0.011221833198671281 0.006539305899388043
3 0.36770206780979736 0.6338455789621188 0.04264296615495104 0.02802559671166327
3 0.28596971601280785 0.6579008828062964 0.04825388275428675 0.04157130178896732
3 0.1718810784929826 0.6705124013265449 0.08640811562976926 0.05932084637302069
3 0.2375288027052099 0.6459900042038395 0.0456354550079301 0.028959783268718776
3 0.13578418170392315 0.650193843710589 0.03740611066223777 0.026157223597552424
3 0.15673160367477632 0.6443551777289924 0.03142113295627971 0.01541407819141481
3 0.19787832540323788 0.645055817646784 0.03366549959601401 0.023354663926386156
3 0.09950025436155249 0.6539305899388108 0.0605978992728252 0.03456490261105148
3 0.0473187299877308 0.6499602970713251 0.06695693808540562 0.03690036900369004
3 0.09314121554897208 0.6343126722406465 0.039650477301972055 0.012144425241720748
3 0.0252491246970105 0.673548507636975 0.049750127180776246 0.05138026063804942
3 0.5963584288052373 0.6586715867158671 0.015684669939989095 0.016747090547828587
3 0.5863566102927804 0.6585296622196991 0.012047645026368415 0.01192165767811527
3 0.5680578286961266 0.6534203803576497 0.012274959083469757 0.010218563724098753
3 0.5376095843183609 0.660170664206642 0.006156422379826613 0.014606396063960612
3 0.5335309544917257 0.6533479397293973 0.00784943853427896 0.006342250922509225
3 0.5421499458234831 0.6534440344403445 0.010927649724192233 0.006150061500615034
3 0.5185246749408984 0.6529635608856088 0.010158096926713949 0.013645448954489573
3 0.5118295656028369 0.6508494772447725 0.00477122734436562 0.008264145141451386
3 0.50213320035461 0.6499846248462485 0.00477122734436562 0.006150061500615034
3 0.4798931245074863 0.6472939729397295 0.005848601260835326 0.004996924969249637
3 0.4731980151694248 0.6465252152521526 0.005386869582348328 0.004612546125461255
3 0.46811896670606784 0.6457564575645757 0.004155585106382979 0.005381303813038103
3 0.43041087962962965 0.6445072263222633 0.008772901891252955 0.004035977859778598
3 0.4237157702915682 0.6438345633456335 0.005848601260835259 0.004612546125461255
3 0.3311822460758631 0.6464213290781555 0.023960130343109055 0.00897576543333003
