1 0.005604467269911144 0.6311235526148365 0.01052960517377245 0.03732451117614623
1 0.030994402326023747 0.6317597658735208 0.03311730659492949 0.03562794248632146
1 0.05901673867557947 0.6233829579675106 0.013416754979484252 0.029902023158162618
1 0.069206679166327 0.6228527802519405 0.009001114100160322 0.029265809899478246
3 0.17951278497866904 0.6364253297705391 0.05162903181978751 0.03053823641684699
3 0.23105690062770032 0.6385460406328202 0.04500557050080162 0.028841667727022055
3 0.21526249286704166 0.6332442634771176 0.027343006983505898 0.02756924120965348
3 0.246851308388359 0.6319718369597489 0.025644683568381302 0.0229036773126352
3 0.2695239259802723 0.6309114815286084 0.023776527811744254 0.020358824277897966
1 0.2869317409852993 0.6228527802519405 0.004245808537811486 0.008906985621580365
3 0.3133406700904867 0.6285786995800992 0.018341892883345565 0.016965686898248265
1 0.32998423955870765 0.6211562115621156 0.0030569821472242833 0.008906985621580365
3 0.3693004266188419 0.6261398820884762 0.009680443466210208 0.009543198880264737
3 0.3910389663324366 0.6227467447088264 0.007642455368060641 0.003605208465877799
3 0.41456074563191214 0.6206260338465454 0.008831281758647877 0.006150061500614951
3 0.43035515339257085 0.6232769224243966 0.004075976196299 0.0029689952071934272
3 0.43748811173609414 0.6363192942274251 0.015284910736121282 0.016753615812020253
1 0.46041547784027614 0.6312295881579506 0.0020379880981495 0.007846630190439801
3 0.43833727344365647 0.625821775459134 0.005094970245373783 0.003393137379649619
3 0.44631939349474203 0.6273062730627307 0.006453628977473405 0.004241421724562087
1 0.5046568028042716 0.6385460406328202 0.003906143854786547 0.013572549518598645
1 0.5334433846906335 0.6596471137125164 0.006453628977473472 0.032022734020443665
3 0.7208533735496317 0.6635704288077364 0.22027254694165924 0.09797684183738385
3 0.9069790053259423 0.6778852271281334 0.18496864894975687 0.10115790813080545
