1 0.004116008105369807 0.6468107538218238 0.008232016210739613 0.02899314707432784
1 0.04284869976359338 0.6530047443331575 0.016464032421479223 0.036109646810753834
3 0.009604018912529549 0.6763310490247759 0.018785883147585274 0.03742751713231423
3 0.04284869976359338 0.6501054296257248 0.06754474839581222 0.03821823932525043
3 0.09635680513340088 0.6479968371112282 0.04580378250591016 0.021876647337901928
3 0.13213441404930765 0.6448339483394833 0.06332320162107397 0.03136531365313653
3 0.16295170550489696 0.6464153927253558 0.03461668355285374 0.028729573010015826
3 0.17941573792637622 0.643779652082235 0.014353259034110093 0.010806536636794999
3 0.19250253292806482 0.6369267264101212 0.03081729145558934 0.010279388508170808
3 0.20928318135764942 0.6353452820242488 0.009498480243161085 0.006062203479177613
3 0.2353512326916582 0.6379810226673694 0.040104694360013494 0.022930943595150226
3 0.12252590412957094 0.6641085027871555 0.0825222574317187 0.043377561435188845
3 0.2612634525607872 0.654615210412032 0.03413813998344302 0.026909294363701763
3 0.2845200604245078 0.6512182450344359 0.021976427614341442 0.025710365406903177
3 0.3102836879432624 0.6483421128748105 0.01789895722780949 0.018581658500670444
3 0.35948239171017643 0.644802704711539 0.030182930683556496 0.012365899060060116
3 0.37962623298279935 0.6383127624379693 0.01783239585880814 0.02379437587479319
3 0.39159302129940937 0.6434863504244209 0.006808453604131569 0.011172488081937583
3 0.39978678038379534 0.6417438374810186 0.007813011941306649 0.010464283747315119
3 0.43197808583986413 0.6424979524258249 0.009450622612659887 0.008014161287197596
3 0.4332475724594751 0.6402522259112806 0.007757973786511849 0.007045416516217633
3 0.44097028272877553 0.6420576138935613 0.008815879302854357 0.007485755048481315
3 0.45189066045728976 0.6402537709587621 0.006591537946521111 0.004254177880124679
3 0.45863032285204736 0.6393289496804743 0.005406542360629711 0.0036992851131519167
3 0.48603844514203765 0.654346379529369 0.02121846296942211 0.019478555441292126
3 0.48167848699763594 0.6513217591192305 0.016567840948726865 0.0170588591131813
3 0.4911250629771732 0.6453330107071562 0.009882571793977443 0.010404694210876515
3 0.5151230705047977 0.6546559583242891 0.019955499930468634 0.01910136748426307
3 0.5194687804199695 0.6521380507922726 0.01321095814212211 0.01858042109832868
3 0.646211050444747 0.7318996266885746 0.1060644926325605 0.10178563324094785
3 0.9853273717751052 0.799133643510348 0.028522972556275113 0.08952350393069143
3 0.8581303319971219 0.7078453393229583 0.18321513002364065 0.1354083106048452
3 0.7264364271764826 0.6844216268249639 0.09353479288724438 0.08727739451307555
3 0.6195624988834699 0.6715030626376792 0.04026951545575259 0.030579902776357762
3 0.6095599043535396 0.6661626788187652 0.02692596882684054 0.024846953340593614
3 0.5687401195086224 0.655688995540262 0.020712773209183577 0.01816720621193947
3 0.556005242059821 0.6544801861062088 0.014240072635077207 0.016244184180972232
3 0.5701650135334224 0.6451213968661426 0.009475537054167992 0.005147334082036526
3 0.5381691814912407 0.6487575966332676 0.012508575748438878 0.01220917939308786
3 0.5311539281039783 0.6476173130830021 0.005073103420286313 0.010531650380881491
3 0.5288113820611635 0.6449139833864093 0.010120146377797222 0.012805607508129875
3 0.5193827107320947 0.6354482573165813 0.017048554282596814 0.01628396850770133
1 0.770513469981555 0.6689712501520619 0.009254929467695398 0.03426462836056933
3 0.7886985945496583 0.6627873971047403 0.034584210116125 0.023518916507846387
3 0.6726331194416301 0.6663152345809172 0.046718450973770115 0.02846599894570373
3 0.666509677895981 0.6589454566420664 0.06464243498817968 0.03127882841328413
3 0.6369347533650135 0.657994458732466 0.02119301764691839 0.01615167666828179
3 0.642787324968176 0.6482401362475163 0.032846881251136446 0.010360488220266825
3 0.6221647179093988 0.6495960905555002 0.016931825442463806 0.00967388052258894
3 0.6119059264693893 0.6492768375959621 0.011888263905872228 0.011367010221826311
3 0.593336183496497 0.6499137776187888 0.01698328658481842 0.012985572893703697
3 0.5629872167313132 0.6443209741021895 0.0066945810409464795 0.005826374053214172
3 0.5799701677361251 0.6474696889826042 0.005769447258808993 0.00922509225092251
3 0.6088159458102133 0.6451828766992334 0.022737294675338936 0.01453071525533907
3 0.4898229833362164 0.6384663846638468 0.005621864729285584 0.002520025200251976
