3 0.14169621749408984 0.633210332103321 0.03516548463356974 0.020664206642066422
3 0.11096335697399527 0.6208487084870848 0.023936170212765957 0.013653136531365314
3 0.1527777777777778 0.6228782287822878 0.03605200945626478 0.016974169741697416
3 0.17065602836879432 0.6243542435424354 0.016843971631205674 0.013284132841328414
3 0.19547872340425532 0.6254612546125461 0.03280141843971631 0.015498154981549815
3 0.20537825059101655 0.6252767527675277 0.022458628841607566 0.013653136531365314
3 0.22236997635933806 0.6811808118081181 0.10135933806146571 0.07158671586715867
3 0.2516252955082742 0.6470479704797047 0.047576832151300236 0.03874538745387454
3 0.28117612293144206 0.6470479704797047 0.0274822695035461 0.030627306273062732
3 0.3194444444444444 0.6503690036900369 0.03664302600472813 0.032103321033210334
3 0.36879432624113473 0.6675276752767527 0.04964539007092199 0.04649446494464945
3 0.3408687943262411 0.6442804428044281 0.024527186761229315 0.033210332103321034
3 0.37795508274231676 0.644649446494465 0.027777777777777776 0.028044280442804426
3 0.3489952718676123 0.6356088560885609 0.02364066193853428 0.021771217712177122
3 0.2771867612293144 0.6263837638376384 0.013002364066193853 0.010701107011070111
3 0.2869385342789598 0.6265682656826568 0.009456264775413711 0.01107011070110701
3 0.2981678486997636 0.6256457564575646 0.012411347517730497 0.011439114391143911
3 0.31043144208037826 0.6284132841328414 0.010933806146572104 0.008856088560885609
3 0.3204787234042553 0.6261992619926199 0.010342789598108746 0.007380073800738007
3 0.32166075650118203 0.6319188191881919 0.012115839243498818 0.006273062730627306
3 0.3125 0.6177121771217712 0.016252955082742316 0.008118081180811807
3 0.33451536643026003 0.6219557195571955 0.009456264775413711 0.005535055350553505
3 0.35771276595744683 0.6225092250922509 0.0026595744680851063 0.0036900369003690036
3 0.3674645390070922 0.6250922509225092 0.0062056737588652485 0.005904059040590406
3 0.3819444444444444 0.622140221402214 0.0062056737588652485 0.007380073800738007
3 0.3891843971631206 0.6274907749077491 0.0065011820330969266 0.007749077490774908
3 0.39819739952718675 0.6280442804428045 0.0067966903073286055 0.010332103321033211
3 0.3955378250591017 0.6485239852398524 0.015661938534278958 0.025461254612546124
3 0.3980496453900709 0.6433579335793358 0.013002364066193853 0.01808118081180812
3 0.40070921985815605 0.6437269372693727 0.013002364066193853 0.01955719557195572
3 0.4095744680851064 0.6346863468634686 0.013002364066193853 0.014022140221402213
3 0.43543144208037826 0.6392988929889298 0.037529550827423167 0.05867158671586716
3 0.412677304964539 0.6249077490774908 0.0067966903073286055 0.004059040590405904
3 0.37219267139479906 0.6212177121771217 0.0062056737588652485 0.006273062730627306
1 0.4793144208037825 0.6356088560885609 0.002955082742316785 0.008487084870848708
1 0.4867021276595745 0.638560885608856 0.002955082742316785 0.011439114391143911
1 0.4980791962174941 0.6448339483394834 0.005023640661938535 0.016605166051660517
1 0.5029550827423168 0.6400369003690037 0.004137115839243499 0.010701107011070111
1 0.5132978723404256 0.6525830258302583 0.009456264775413711 0.021771217712177122
3 0.466016548463357 0.6328413284132841 0.018912529550827423 0.008856088560885609
1 0.672724586288416 0.6839483394833948 0.01802600472813239 0.022509225092250923
1 0.7019799054373522 0.7012915129151291 0.026300236406619385 0.05940959409594096
1 0.7437943262411347 0.6987084870848709 0.02364066193853428 0.02988929889298893
3 0.795951536643026 0.7957564575645757 0.25916075650118203 0.17084870848708486
3 0.9335106382978723 0.890590405904059 0.13120567375886524 0.11180811808118081
1 0.9915780141843972 0.714760147601476 0.015661938534278958 0.05830258302583026
1 0.9812352245862884 0.7070110701107011 0.0233451536643026 0.04870848708487085
1 0.8633274231678487 0.644649446494465 0.0067966903073286055 0.007380073800738007
3 0.9049940898345153 0.6487084870848708 0.0398936170212766 0.007380073800738007
3 0.9850768321513003 0.6527675276752768 0.028664302600472813 0.005904059040590406
3 0.726063829787234 0.635239852398524 0.02541371158392435 0.006273062730627306
