1 0.5466903073286052 0.6846437695146181 0.02227677759592656 0.06471757025262563
1 0.5119112565921077 0.6579619642350268 0.01091107474086197 0.034061879080329205
3 0.41498532648569336 0.6354179921109556 0.026493845275943565 0.040399541926453786
3 0.4305249857340834 0.6366904186283242 0.008661449417135425 0.01049751876829117
3 0.4357473302355914 0.6349408321669424 0.006368712806717179 0.008906985621580365
3 0.4358747044917258 0.6303282860414812 0.008661449417135425 0.01431479832039698
3 0.45396184886280266 0.6319188191881919 0.006623461318985925 0.009861305509606882
3 0.4412244232493682 0.6327140857615473 0.004075976196299 0.0038172795521058947
3 0.44517302518953294 0.632077872502863 0.0033117306594928953 0.005089706069474554
1 0.5038925572674656 0.6343046189082582 0.0035664791717616414 0.010179412138949025
3 0.49382336462646387 0.6285860546466736 0.021180939887126153 0.019623317620459428
3 0.4612832916547097 0.6342384233090886 0.006661747222563801 0.005759017127743593
3 0.37898053177361474 0.6348774643124917 0.00824126661203887 0.005145469781391058
3 0.38869345313780335 0.6340688904897016 0.005533421868083172 0.005292483203716426
3 0.37197545515338176 0.6348774643124917 0.007652604711178913 0.005145469781391058
3 0.35584611906981994 0.6362740918245835 0.004120633306019435 0.004998456359065607
