1 0.025379097852502107 0.6596102237246149 0.01784931971102184 0.06544654607385238
3 0.11359798593841146 0.7141659078928452 0.19572625955604678 0.11764987779747932
1 0.2888507477046567 0.6470973139963958 0.008676260377151001 0.03378958208186741
3 0.34820724980299445 0.6843261289755754 0.0750028143645165 0.06343349147777193
3 0.37959296298782175 0.6569895351950366 0.030576250456779388 0.030032476980921197
3 0.41044577359754053 0.6478548691066309 0.01896072403332014 0.01876692586668358
1 0.39228947954615684 0.6422234435110309 0.005299388504458695 0.00987000751466478
1 0.4110021559821279 0.6363283681736572 0.0028178050599108645 0.004150163751026284
1 0.4225854475528813 0.6392477918948286 0.004135392758927251 0.005594225038460307
3 0.911216334150814 0.7391316343069974 0.17697631514990833 0.09812049522364386
1 0.5720095126864029 0.6478700825194409 0.0057126897882496435 0.015411848629226142
1 0.5599383048548144 0.6509723325081351 0.0036782675484534327 0.01650396250797947
1 0.5298270634186453 0.6415450024065458 0.009957344023023937 0.014439274827530902
3 0.5318021041993756 0.6410617541289917 0.018723043329182714 0.008919936527609511
3 0.4901371838000786 0.6397705660834843 0.008070349173062263 0.010986762845041118
3 0.48482774355464286 0.6392780560249135 0.004611628098892713 0.0072739947111996215
3 0.48233989155392454 0.635337975556347 0.011529070247231816 0.0146995309788827
3 0.46658541234062617 0.637170728142925 0.006436813894155398 0.008664018747683973
3 0.46835567725010224 0.6340402011615053 0.00916449711224825 0.010042505488346046
3 0.4593676122931442 0.6381734317343173 0.007565011820330942 0.008007380073800755
3 0.4538129802009456 0.6367908210332104 0.006972148345153664 0.009167435424354244
3 0.4404149492210061 0.637637256493961 0.007937020415630809 0.006551355346633882
3 0.44767934078785465 0.6367693418967574 0.005425872713510376 0.0053754710536482835
3 0.44924714067292687 0.6316186667842775 0.0078095812180748615 0.006566599530537203
