1 0.6989848059495666 0.6826568265682657 0.01616060874704492 0.05419741697416974
1 0.6448852442868401 0.6540206027060271 0.006464243498817967 0.01768142681426817
1 0.601804945776577 0.647367187957594 0.0037524860219895883 0.009078662215193614
1 0.5545470749371458 0.6579101505300767 0.017589778228076065 0.02723598664558076
1 0.5788796014859845 0.6590083757980436 0.00527693346842284 0.02855385696714115
1 0.7824418591109713 0.6912911493646955 0.012810210902654114 0.0628942250013633
3 0.8214825375935267 0.6726709019667517 0.06793643830274676 0.03747099326663372
3 0.6257551878119254 0.7211152111521115 0.1025742054110849 0.09216892168921699
3 0.5316203670978534 0.650905346262765 0.024740227610093965 0.01679518456314127
1 0.5405543381792762 0.6470436797391229 0.01727888912451014 0.01618222162288069
3 0.5052895240465229 0.6483921982076962 0.01666400042659841 0.01701671152049863
3 0.5109923153036254 0.6368319322290967 0.019182116046617702 0.01572196173089552
3 0.499475639453243 0.6329014417963729 0.008591217997712914 0.013039980023860418
3 0.49169910592083044 0.6333176113716024 0.007554346860057941 0.011837712362086016
3 0.4870331858013829 0.633964986266404 0.002073742275310016 0.0036992851131518326
3 0.41920170024112297 0.6362322974850697 0.008032519174876077 0.006257419182670708
3 0.41157449166681404 0.6370144748829035 0.010022225759478363 0.0063494400530039975
3 0.372996291776469 0.6413854662237396 0.005379577062072942 0.012514838365341247
3 0.35774187462785123 0.6440080610282413 0.027634813675032302 0.024201488897681957
1 0.35792610671901803 0.6490231984614111 0.0058954269173402485 0.029078595025351716
1 0.32321678074317756 0.6412474349182395 0.005748041244406704 0.018864278418345246
1 0.313268247820166 0.6446982175557416 0.008990526048943818 0.020796716695346523
3 0.08945549388426353 0.6396398203112466 0.046253469010175755 0.020656184822717805
3 0.11193981909754343 0.6630033691641264 0.08222838935142357 0.036499278036258666
1 0.1365119745091993 0.640040911278678 0.006745297563983968 0.021057275790149172
1 0.17120207626683112 0.6417455478902614 0.008030116147599955 0.026873094817904706
1 0.21647067514949242 0.644196331669199 0.009669204561257135 0.029167571087475648
1 0.22695470031984424 0.644196331669199 0.008039563343067702 0.024012372476666002
3 0.272276192865233 0.6457564575645757 0.04342356312664855 0.022662284500658537
3 0.2686310930991782 0.6720260059743455 0.1491613193740853 0.03813038130381309
