3 0.5440176215719023 0.6509829603415487 0.05930336697891706 0.06977066357694295
3 0.5144667941487344 0.6429857813936501 0.020171213258135035 0.045716156820271206
3 0.49242974366422193 0.6388927370502374 0.005950507911149856 0.006045111645655643
3 0.4873365123165428 0.6631361535458358 0.03166880481527202 0.03513721144037377
3 0.4920263193990592 0.6494087125171593 0.018860084396356246 0.011964283465360288
3 0.4831005575323344 0.6454416079996976 0.01432156141327586 0.006548870949460315
3 0.48335269769806116 0.6400891653967734 0.010186462695358198 0.0028966159968766957
3 0.591097288428994 0.6459076885850825 0.01986203154671937 0.014618998649002875
1 0.06210682373682734 0.6448183125899056 0.015025844452458229 0.04378009881793726
3 0.44483229905437355 0.6316881918819188 0.006094858156028369 0.008302583025830259
