3 0.09383091297984915 0.6066596380249517 0.18645164921760668 0.08346512036548935
3 0.28273146720571946 0.6250779899103339 0.08265666221262892 0.055439684831630934
3 0.5084720128069098 0.6544730801638725 0.022104949647251553 0.023389603974779873
3 0.539767967833808 0.6551631461196502 0.018498352599542106 0.02099253275997328
3 0.522462119096815 0.6476087398669261 0.011576013104744874 0.01343812650724929
3 0.5344162431823682 0.6423061277856873 0.006631484894175499 0.0077723218177063605
3 0.5439853595428231 0.6458654153470669 0.011343329424247475 0.012711741290641215
3 0.5433454794214553 0.6369308771827875 0.013553824388972596 0.009806200424208919
1 0.2181507748883635 0.6357523575235753 0.00879957972156552 0.026404264042640464
1 0.24343314946151828 0.6340713407134071 0.008011557656947754 0.0177941779417794
1 0.33052136180700303 0.6418004106103908 0.009067351852580185 0.018347872942685025
1 0.3359016880568774 0.6408113988718446 0.0036597143019450273 0.013914372045753739
1 0.7834190065768708 0.6788863528962266 0.011192275236567586 0.025940858863629488
1 0.7340200076010848 0.6719486813396744 0.011111755270836961 0.026141950792804968
1 0.7232303321931707 0.679439355701459 0.009662395887684356 0.03549272549946208
1 0.678801928989223 0.7040954212359025 0.019214974639008224 0.039065883616582656
1 0.6722095985677891 0.6827762452381806 0.013771259381670422 0.0562461935298965
1 0.6667106581896913 0.6825971172333083 0.009085205842074303 0.046095606587133894
1 0.6472491909385115 0.6703567035670357 0.007841967147895658 0.03403432092573354
1 0.6357731414537859 0.6717300182710566 0.010137177044840863 0.039408161071901975
1 0.561137378513265 0.647560475604756 0.003808773312319419 0.009020090200901972
1 0.5934462831625952 0.6532185321853219 0.0035460992907801418 0.011152111521115192
1 0.5703966377725243 0.6448544485444855 0.0021013921723141505 0.005576055760557596
1 0.5720195879770348 0.6460629390347059 0.0018653346213959561 0.0053940738742935925
