3 0.013411529368976176 0.6239000851546976 0.025913802509547192 0.010786261708770868
3 0.03546099290780142 0.6625035481124042 0.07092198581560284 0.05393130854385468
3 0.12830295957147558 0.6322107524872717 0.03254331627614687 0.008874772292026684
3 0.1553288745249424 0.6354804054369657 0.021882574737409094 0.00747349245644355
3 0.21583325852111201 0.6371152319118127 0.04002453840859443 0.008407679013498972
3 0.1301732651045875 0.6512448035872764 0.09314121554897206 0.032930076136204404
3 0.12699374569829727 0.6784529870615161 0.10810365981386719 0.06726143210799203
3 0.3338495376604722 0.6454061376056798 0.04638357722117487 0.011910878602456891
3 0.26960454259807887 0.6743659208743986 0.11689409581949307 0.06515951235461716
3 0.4948828440614058 0.7083469568872903 0.16122033695424481 0.11163529356812553
1 0.5805622463089344 0.6776961637540904 0.011151255631384135 0.029067743507623728
3 0.6596821338904465 0.6673531851597585 0.008132204445910564 0.007151234303040673
3 0.6655808455660014 0.6636345433221774 0.004352447449924032 0.004576789953946017
3 0.6475983653123684 0.6629909322349037 0.002519837997324489 0.004433765267885236
3 0.6446776439972877 0.6634200062930861 0.004237909359136451 0.0064361108727365975
3 0.6411842322282697 0.6644926914385423 0.005268752176223737 0.006579135558797379
3 0.6384353180493705 0.665493864240968 0.004352447449924032 0.008581481163648824
3 0.6280123517877105 0.6709288023112789 0.018555170707570456 0.02316999914185182
3 0.6482283248116993 0.6799393575331102 0.026458298971906127 0.02545839411882491
3 0.7018321513002365 0.6660678448889752 0.006221226825929981 0.0037224056451091152
3 0.708442204802787 0.6663106104745257 0.005443573472688885 0.003560561921408726
3 0.7138857782754757 0.6672007509548779 0.00466592011944752 0.003722405645109031
3 0.7281427564182322 0.6727034375606913 0.00907262245448143 0.008577717356120952
3 0.7354008543818172 0.6700330161196348 0.005184355688275007 0.0038842493688094203
3 0.7409092323006096 0.6704376254288859 0.005313964580482013 0.003398718197708337
3 0.7608690017004686 0.6749692496924968 0.006610053502550731 0.008577717356120952
3 0.7668958151880884 0.6768304525150514 0.008035751316826321 0.010034310869424539
3 0.7752555887354319 0.6782061241665048 0.01309049811289459 0.012138279277529595
3 0.784004188959396 0.6795817958179581 0.008035751316826321 0.01132906065902765
3 0.7897069802164988 0.6795008739561079 0.010109493592136405 0.010843529487926483
3 0.7969650781800837 0.6815239205023629 0.013220107005101463 0.013594872790833181
3 0.8046768072663928 0.6822522172590146 0.011535191406411995 0.012785654172331235
1 0.8080466384637718 0.6738363436265942 0.003758657873999417 0.005988217776914645
3 0.8125829496910123 0.6837088107723183 0.016460329310273393 0.015375153751537543
3 0.8284600389863548 0.6839515763578687 0.024107253950479097 0.019744934291448215
3 0.8390879681473185 0.6874312164174272 0.018663680477790212 0.017317278435942295
3 0.8522432707063166 0.6886450443451803 0.021903902782962142 0.020068621738848994
3 0.8660466177263489 0.6909917783388358 0.023329600597237734 0.02055415290995016
3 0.8839974492970013 0.6935003560561921 0.030458089668616087 0.023305496212856856
3 0.9415150580738 0.715385849510669 0.11563367252543928 0.06128669982351993
