3 0.08695806074617218 0.6295978276424885 0.08556828692823429 0.04110306198791004
1 0.3577057300461555 0.631347742048849 0.0033772374197905825 0.00948866631523452
3 0.3665709782731059 0.6329291864347215 0.015479004840706943 0.009137234229485088
3 0.4559850473622481 0.6446112156237948 0.01845881442781721 0.018104927740286027
3 0.4720354671071822 0.6335006846188954 0.015627365909467703 0.021348657119615397
3 0.48224135990093436 0.6373220875065894 0.007035911291230453 0.008082937972236873
3 0.49687605538669366 0.6364435072922157 0.008161657097827336 0.01405728342997715
3 0.5131993695823482 0.6434721490072044 0.01547900484070701 0.014057283429977233
1 0.5571034560396262 0.6570022843085573 0.007598784194528895 0.02565454225970835
1 0.5531633457165372 0.655420839922685 0.0053472925813351285 0.025303110173958834
3 0.5310705842620737 0.638200667720963 0.012946076775864023 0.00773150588648744
1 0.6048729415970039 0.6518576084140812 0.03532897890213082 0.023995203133180074
3 0.6338086707959487 0.6661884291891519 0.06639143922539392 0.029071041814983625
3 0.7083639431742085 0.6702942066239513 0.057999120293482975 0.029293857003371178
3 0.764912360108675 0.683733766645472 0.06873432515020576 0.04247799473576469
3 0.8502195204322863 0.6784396415392725 0.03714961161769674 0.024951678088209486
3 0.35882857444603444 0.7113166566128106 0.11201751056982467 0.11171917315638534
1 0.5255825734549139 0.6439992971358285 0.00591016548463357 0.013002987172728934
1 0.5261454463582123 0.6496222105078193 0.010413148711021036 0.021437357230715156
3 0.7944915254237289 0.6709300143848898 0.015276275193332448 0.01970104446807184
3 0.48768306407148093 0.634438772502741 0.005947930120318159 0.007191445716374117
1 0.34127449212645755 0.6306679592219652 0.009641583523660721 0.007348802301582318
3 0.3507908602796811 0.6318406404403027 0.006385983892294714 0.005316154856463847
3 0.88483620398514 0.6761992619926199 0.010976021614319544 0.013969425408539812
