1 0.014184397163120567 0.6312423124231242 0.010244286840031518 0.014760147601476014
3 0.03516548463356974 0.665190651906519 0.06993695823483058 0.05461254612546126
3 0.16174152876280537 0.6724477244772449 0.09929078014184399 0.056334563345633484
3 0.18230361196382153 0.6210644195994198 0.010585371017254175 0.0033045106570468753
3 0.21009021088411367 0.6334563345633456 0.029109770297448913 0.02221365497237061
1 0.25618758141554493 0.6307703893365464 0.0048246248854151704 0.01747119512011452
1 0.2791648574323346 0.6251223736727163 0.0047040092632797854 0.007380073800738007
3 0.26553529213103677 0.6249717599216807 0.012664640324214767 0.0031628887717448126
3 0.2609518984898924 0.6194743580088862 0.030033289911709355 0.010542962572482904
1 0.2939402711439185 0.6254236011747872 0.003136006175519846 0.004669026282099585
1 0.303951367781155 0.6257248286768582 0.0033772374197906163 0.003464116273815851
1 0.3213539520390975 0.6327792635724523 0.005241431163742298 0.013879955313314573
1 0.3222576470673289 0.6311430086777933 0.008494733265375483 0.013767110148165637
1 0.3458440873041693 0.6301838247740277 0.0032533021016331854 0.010268910028549823
1 0.34878109614592145 0.6301274021914531 0.0031629325988100135 0.010607445523996544
1 0.3552425155977762 0.6300709796088787 0.0030725630959869085 0.010043219698251954
1 0.3628787385863318 0.6286604150445173 0.0026207155818711828 0.006545019578636139
1 0.3880362748517614 0.6313895106164176 0.004844397938224207 0.012804226402919736
1 0.3763693498172047 0.630683765854052 0.01461393378030981 0.012400943681567918
3 0.32489907912367394 0.6623416414669562 0.04960698466344063 0.043161442444749384
3 0.4021899616799379 0.637297347702719 0.026457058487168367 0.03863215527462134
3 0.42005914432752134 0.6338337751608563 0.011201577182067176 0.014653576138649472
3 0.43158076657193334 0.6337671679965897 0.010134760307584667 0.008925360011722925
3 0.4453427042527588 0.6281721661981963 0.014188664430618548 0.021447506893841534
3 0.4579844842153776 0.6360984187459203 0.018562613615997092 0.011722860910919577
3 0.467212450179652 0.6348328826248552 0.008214489933516006 0.00919178866878924
3 0.46929274308489305 0.6342334181464558 0.010668168744825955 0.010657146282654146
3 0.5007990691029068 0.6379970341759493 0.006628222973420792 0.0057477210286121395
3 0.5109255208678554 0.6332264257222011 0.007732926802324258 0.015288937936108304
3 0.5164490400123727 0.6343184927176375 0.0027617595722586297 0.008966444804634958
3 0.5062765589212199 0.6375946937039464 0.0021173490053983364 0.00632249313147343
3 0.5194409462156528 0.6385143290685243 0.007272633540281152 0.0074720373371957565
3 0.525378729296009 0.6391465783816717 0.010678803679400276 0.007357082916623549
3 0.553318530302026 0.6534584037429159 0.023659073669016012 0.02908346840477749
1 0.5684621786232444 0.6412732351622582 0.0031299941818931404 0.011380487636652073
1 0.5768395159924291 0.6405835086388247 0.008653513326410534 0.010230943430929661
1 0.6127423904317919 0.6454690715131451 0.00460293262043105 0.008966444804634958
3 0.6242497219828697 0.6449517766205699 0.02319878040697284 0.010230943430929661
1 0.6095663669236945 0.6408134174799692 0.0026697009198500357 0.006092584290328847
1 0.600937196788281 0.6519680313968315 0.006934038694900885 0.018361138078898373
3 0.6248122461241069 0.6607918289127642 0.02318352206679462 0.02680883162422787
3 0.7124851429541684 0.6562557338280565 0.011101968313676268 0.01569794703471901
3 0.7119545341744707 0.6469796742166316 0.008244844115303704 0.0024464333041120255
3 0.6862812324490943 0.6452977513200546 0.010938704073769274 0.00397545411918202
3 0.6696399091353328 0.6563215073491516 0.0322747863755828 0.023397720010719682
3 0.6837549691614829 0.6807499639242203 0.054396634837618946 0.04380630398482756
3 0.801148021767251 0.7253011209357376 0.13367567688121682 0.09642832277379386
