1 0.011882325712112948 0.6433050344489459 0.019631668567838777 0.04541583877377236
1 0.07170725255831639 0.6430469899104586 0.01239894856916133 0.039222769850076104
3 0.024074625138454923 0.6242097386008826 0.01632528228272909 0.006709158000670855
3 0.0665410239878325 0.6274352953319743 0.011985650283522624 0.004386757154284874
1 0.3004965549291791 0.642523732929637 0.004672566729304354 0.015296306809221939
1 0.3057374068012366 0.6455987636799446 0.005809137014810765 0.022077143848361555
1 0.31015740235598394 0.6471757025262561 0.003788567618354818 0.02428485823319772
1 0.31520882584712373 0.6479641719494118 0.020458265139116152 0.02428485823319772
1 0.28464771372572795 0.6418929573911124 0.03839081853266247 0.016873245655533522
1 0.27947000464730964 0.6422871921026904 0.011113131680507544 0.013561674078279233
3 0.27126144147420744 0.6854164695493109 0.09117819401507347 0.07332765635348662
3 0.3724537194389686 0.6421607347063887 0.011518213883790695 0.003536776581823332
3 0.38855089539951215 0.6556004857173173 0.03521552277585172 0.027822642443676843
1 0.45345886298234883 0.6522405479645851 0.0035876403900331495 0.012142932930926715
3 0.476353673366113 0.6464048666045766 0.005381460585049724 0.006837768058191758
3 0.4659683985528592 0.6547752378482251 0.020676138037296312 0.023578510545488793
3 0.49122349866690834 0.6724591207573418 0.07231927733593156 0.046685450880067945
3 0.578922938175311 0.6535082431027002 0.19844570806116418 0.08492629920183524
3 0.744286840031521 0.6621566215662156 0.023903335960073623 0.006396063960639579
3 0.7159837142106645 0.6789667896678967 0.07578145521407943 0.03640836408364078
1 0.7014053060152351 0.6602706027060271 0.002495403204623033 0.002624026240262393
1 0.7166403992645128 0.6630586305863058 0.004334121355397906 0.0062320623206232155
1 0.7806671920147098 0.6773267732677327 0.02258996585237717 0.026568265682656828
1 0.8094956658786446 0.6803608036080361 0.018781192540057817 0.025420254202542035
1 0.8158655109009718 0.6817548175481756 0.005778828473863831 0.017384173841738407
1 0.8284738639348569 0.6837228372283722 0.019963225636984532 0.024272242722427242
3 0.9819411610191752 0.6804428044280443 0.018781192540057685 0.00754407544075437
3 0.9871946414499607 0.6824928249282494 0.017205148410822154 0.005740057400573959
3 0.9874573154715 0.7755637556375564 0.024297346992382438 0.096760967609676
1 0.912923561859732 0.6769167691676916 0.004202784344628301 0.006396063960639579
3 0.9204754399789861 0.674210742107421 0.014841082216968726 0.007216072160721645
3 0.939190964013659 0.6773267732677327 0.016811137378513204 0.005576055760557596
3 0.9171920147097452 0.6910209102091021 0.05240346729708423 0.02181221812218121
3 0.9278959810874704 0.6938089380893808 0.03966377725242985 0.02181221812218121
3 0.9485815602836879 0.6953669536695366 0.054242185447859234 0.02591225912259129
3 0.9788383241397425 0.6983599835998361 0.04173233517205147 0.02763427634276344
1 0.9591541896506436 0.7160311603116031 0.02127659574468085 0.07019270192701933
1 0.046586010290641085 0.6173214673323204 0.0055625086914198275 0.005209463859344436
