3 0.1995530012771392 0.6336684056495737 0.0574033314312111 0.029689952071934523
3 0.3160993922906177 0.6441653932283598 0.029000979012145177 0.020479176642911507
3 0.3275084024550963 0.7392764929804471 0.1554231287872612 0.1459115345463799
3 0.3804704277425875 0.6367895740026103 0.016629389764134767 0.006666478878529196
3 0.43714844705306916 0.6451202443058913 0.03804244449879082 0.019510539932985498
3 0.46686910681774946 0.6368494719429952 0.01596424010217116 0.02756924120965348
3 0.4765495502839597 0.6413029647537855 0.004075976196299 0.008482843449124174
3 0.47790820901605935 0.6372736141154515 0.007472623026548188 0.0114518386563176
3 0.48572049672563244 0.6400305382364169 0.005434634928398622 0.005089706069474554
3 0.4970992636069672 0.6389701828052763 0.007812287709573094 0.012300123001230068
3 0.5100065215619141 0.6453323153921194 0.013926252004021662 0.0114518386563176
3 0.5244422705904731 0.6434236756160665 0.012907257954946877 0.013572549518598645
1 0.530586625935508 0.650548147949719 0.006053182193275703 0.01968242912919146
1 0.5490366752047642 0.6524992019430176 0.0077497178995421905 0.020695905688639483
1 0.5568802478193527 0.6536030877550155 0.006453628977473405 0.02120710862281035
3 0.5937338659275564 0.6576324383933495 0.04687372625743863 0.019934682105441776
3 0.5781092905084101 0.6489375238579973 0.027173174641993376 0.02120710862281035
3 0.6633651259476645 0.6595410781694024 0.015624575419146322 0.016965686898248348
1 0.8566343305888428 0.8135046867710056 0.09442678188092721 0.1925605462951181
1 0.5234384720666916 0.6510973004466887 0.00793206420306085 0.016508059817440267
1 0.5239050640786362 0.6459506700330161 0.004821450790095793 0.011652748106428428
3 0.013851950354609928 0.632879766297663 0.022163120567375887 0.019603321033210334
1 0.36419702957789685 0.6348412720768429 0.003383682529370342 0.006901214050308444
3 0.3695001776111907 0.6356709940156396 0.006047967270544689 0.004684243733629039
