3 0.7582344517184944 0.6642066420664207 0.02642525913802502 0.015611694578484272
3 0.802986906710311 0.6803505535055351 0.04716766684851782 0.025191598069826834
3 0.660063193307874 0.6549815498154982 0.09717675941080195 0.061737155833096816
1 0.74516389343517 0.6943655975021288 0.01505955628296057 0.046125461254612546
1 0.7542564557192217 0.6794635254044848 0.008240134569921762 0.023417541867726408
1 0.8088118294235315 0.6814149872267953 0.008240134569921898 0.01667612829974451
1 0.6670246863066011 0.6737865455577633 0.010513275140934787 0.011353959693443069
1 0.5884592653209675 0.6516108430315072 0.004546281142025782 0.010289525972182747
3 0.5682851427532278 0.6587070678399092 0.043189670849245326 0.0216434856656259
3 0.5006592107655937 0.6562233891569685 0.047735951991271175 0.022353108146466086
3 0.44425691034733583 0.6551589554357081 0.05540780141843971 0.025901220550667105
3 0.4218096472085834 0.6505464093102469 0.038927532278596126 0.02377235310814646
3 0.3479325786506638 0.6482401362475163 0.0690466448445172 0.03548112404200958
3 0.2645367339516275 0.643450184501845 0.08296963084197129 0.036545557763269905
3 0.012786415711947626 0.6336928753902924 0.025572831423895253 0.034771501561169475
3 0.02287347699581742 0.628725518024411 0.04574695399163484 0.03264263411864892
3 0.0998761138388798 0.6381280158955435 0.098597472267685 0.03583593528242972
3 0.16281369339879978 0.6395472608572239 0.055123658847063085 0.03228782287822878
