3 0.14932598963834817 0.7976760618670016 0.2973944972586892 0.24103006987516679
3 0.032222976711433024 0.7438957368297088 0.06444595342286605 0.08714767998743822
3 0.042597203359991946 0.6783386982805998 0.08456566571098031 0.09970950773337524
3 0.15812836376439815 0.6818717123341446 0.15467028821487852 0.058098453324958756
3 0.17604748252099994 0.6292690586480333 0.035209496504199994 0.022768312789510865
3 0.23719254564659725 0.632016958467457 0.03175142095468036 0.018842741618905534
3 0.21990216789899902 0.6284839444139122 0.03175142095468036 0.02355342702363198
3 0.2010399376288919 0.628287665855382 0.01603289572959105 0.01845018450184502
3 0.2514964036014285 0.6163146737850357 0.04715557567526786 0.021198084321268715
3 0.2790038227453347 0.6286802229724425 0.027350233891655338 0.03022689801366101
3 0.2621850007544892 0.6302504514406846 0.016347266234092855 0.020020412970087168
3 0.2591984809617222 0.6265211588286095 0.01917660077460891 0.016487398916542353
3 0.3029931877566256 0.6347106234220237 0.02469049396540999 0.020149543600699104
3 0.32136524822695034 0.6337395610798213 0.01710837377130775 0.01966401242959802
3 0.29706358093816104 0.6247572344144494 0.011275973621998284 0.010924451349776678
3 0.33254401517979343 0.6326471159448437 0.012636866990170406 0.016508059817440267
3 0.3688021027746672 0.6297339289182365 0.01516424038820454 0.008254029908720175
3 0.382897069802165 0.622572344144494 0.018469267139479904 0.010438920178675426
3 0.3556792024387209 0.6282773354049329 0.011081560283687944 0.010196154593124927
3 0.40826801045166106 0.6239075548650223 0.00972066691551579 0.008254029908720092
3 0.440346211272863 0.6290056321615848 0.006610053502550664 0.009710623422023676
3 0.44705347144456886 0.632768498737619 0.008748600223964117 0.008982326665371927
3 0.4386936978972253 0.6580161196348805 0.0764044419559537 0.03374441639153237
3 0.43431939778524326 0.6493979413478346 0.07426589523454023 0.02670421441056511
1 0.4686333519970138 0.6359244513497766 0.0025273733980340674 0.009953389007574344
3 0.45191380490232674 0.6291270149543601 0.004082680104516597 0.005098077296562422
1 0.4926433992783376 0.634832006214799 0.0031106134129649907 0.00922509225092251
1 0.500905966156526 0.638109341619732 0.004082680104516597 0.013837638376383764
1 0.4987674194351126 0.6359244513497766 0.00291620007465475 0.010924451349776678
1 0.5078076396665423 0.6504903864828122 0.012053626975239482 0.022577199456205108
3 0.5709919746173946 0.6657846183724996 0.08204242876695288 0.034229947562633534
3 0.5547584608684832 0.6588657991843077 0.07057204180664425 0.030102932608273448
1 0.6646019970138111 0.7031705185472907 0.030134067438098773 0.08084093998834725
3 0.7299248786860769 0.6775587492717032 0.09623460246360582 0.05000971062342205
1 0.7798891066318278 0.6876335210720528 0.01769161378623854 0.05996309963099631
1 0.6881260109493592 0.6558312293649253 0.0056379868109991925 0.011895513691979012
3 0.7718209530919496 0.6683336570207807 0.03343909418937414 0.029131870266071114
3 0.030474290780141845 0.6268450184501845 0.06020981087470449 0.03874538745387454
