1 0.0698474102729422 0.6380888484209517 0.010745755426606485 0.03114966214597209
3 0.1093764391636732 0.6462356831360522 0.06293942464155229 0.03402501557483106
3 0.15677289613459827 0.6527052283509848 0.07483651100672375 0.041213399146978455
3 0.5167998152224125 0.6507401280909361 0.07914187114480586 0.08376807906010092
3 0.4462344773239858 0.6491495949442253 0.018851389907882925 0.02163125079526654
3 0.4636025912621657 0.6349738822063545 0.012280863344693107 0.018210571716106832
3 0.4760753430966197 0.6356927205635693 0.0034539928156949217 0.007188383572147392
3 0.4532406128150809 0.636411558920784 0.008443093549476557 0.00766760914362393
1 0.5954674791798783 0.6581116639648259 0.004146555870693809 0.014106858489095443
1 0.6376454514752387 0.6860114055686011 0.014967302201344772 0.03402501557483106
1 0.6432102176783027 0.6860114055686011 0.01228086334469304 0.03498346671778405
1 0.699433545178226 0.7001485599271577 0.023410395750821395 0.08721905400872196
1 0.7629486352890609 0.7217137106436 0.026864388566516115 0.10255427229596972
1 0.7790672684289704 0.6951166914266544 0.01381597126277982 0.06565390329227969
1 0.7901968008350988 0.699429721569943 0.016118633139909723 0.07715531700771558
1 0.7978723404255319 0.720755259500647 0.0307021583617328 0.08721905400872196
1 0.8253123944613308 0.7348924138592036 0.03415615117742779 0.11836871615469413
1 0.8408553621319578 0.7018258494273254 0.02149151085321292 0.057027843005702766
1 0.8208989591968315 0.680021085925145 0.015351079180866468 0.02779508314563666
