1 0.6359177084195712 0.6517868680632332 0.004254399278821802 0.012491564604361948
1 0.5781827756561799 0.6525570063392941 0.004262138570649204 0.013837638376383764
1 0.5743468509425956 0.6521430598921374 0.003788567618354885 0.013482827135963712
1 0.5707950688003879 0.6525570063392943 0.00350442504697824 0.013128015895543577
3 0.5414810268533673 0.6520839246854007 0.004356852761108041 0.007924117702715458
3 0.5496738043280597 0.6564599299839152 0.01941640904406861 0.021406944838679172
3 0.529594395950779 0.6509603557574036 0.00805070618900409 0.01608477623237773
3 0.49827061384631693 0.6481905188445025 0.006939376360585596 0.009054707961327645
3 0.5028318893192861 0.6519876544411882 0.012163401261251148 0.014896455033151958
3 0.5174025436510441 0.6554469105521915 0.02446492834143571 0.02649818783054301
3 0.47942434032357756 0.6383962761460499 0.007965182593845753 0.008852110084443148
3 0.48786743387305415 0.6493370863627774 0.005097716860061263 0.011637043594155632
3 0.4807784213645313 0.6500333197402055 0.013859417713291711 0.013626281815378774
3 0.47516296763587007 0.642772600232741 0.005336672337876699 0.006663948041097693
3 0.4698262952979934 0.6387443928347639 0.004540154078492137 0.003381704976079425
3 0.46998559894987035 0.6421260978108433 0.0035843321672305952 0.0035806287982017393
3 0.46727743686796275 0.6435682955212302 0.005177368685999719 0.005470405108363808
3 0.46437014522120906 0.6413304025223541 0.003982591296922877 0.002586009687590168
3 0.455488966629071 0.6403855143672731 0.0042215467747382445 0.0028843954207736396
3 0.4460103993423945 0.6388438547458251 0.003743635819107508 0.0017903143991008278
3 0.43732835031510264 0.6375011189464994 0.006451797901015085 0.009249957728687861
3 0.4295224713731338 0.6398384738564368 0.004699457730369049 0.004774171730935624
3 0.4205218150420881 0.6399876667230283 0.005655279641630523 0.0062661003968530644
3 0.4127955879260576 0.6434688336101689 0.0075669234641534714 0.007658567151709264
3 0.4007283362963813 0.6430709859659243 0.009876826416368768 0.009249957728687778
1 0.3847581451957205 0.6395400881232532 0.002947117559722946 0.005967714663669593
3 0.39073203214110486 0.6428223311882715 0.009797174590430313 0.008752648173381993
3 0.3732882822605825 0.6449607622760863 0.01744374988052224 0.013626281815378774
3 0.3594686904602601 0.6417282501665986 0.009558219112614943 0.011736505505216788
3 0.3550878400336449 0.6451596860982087 0.016726883447076134 0.014620900925990344
3 0.34377728075038394 0.6529674461165097 0.02708162081907564 0.022478391899821922
3 0.30152198709003203 0.6475467719636765 0.02795779090439869 0.01899722501268134
3 0.183199199658453 0.6263116539521191 0.028674657337844797 0.009747267283993563
1 0.09373480542561574 0.6203056711418178 0.004086816558523214 0.009813927926513326
1 0.07995489831162081 0.6184737379288687 0.004401187063025004 0.010599042160634358
3 0.13519795550322838 0.6251914297799104 0.03655892878834598 0.012397357175152852
3 0.10593913230360963 0.6239516940623951 0.014483409488034834 0.007875968087744097
1 0.06178809370298731 0.6424018785642401 0.024528354778123505 0.029316103437714208
3 0.1551126435492763 0.6463398626081122 0.05185995010231828 0.020565027784665135
3 0.14845494725235706 0.6739786765456587 0.09367495491454787 0.05017283374414778
3 0.025696371672319866 0.6151732712979303 0.051071538698735736 0.011832183539226748
3 0.018790471785383903 0.6510709128830419 0.03725973892486381 0.06718273704476171
3 0.0777315243087676 0.724169741697417 0.1544994346798232 0.11671747152254133
3 0.4077806079978691 0.6387401902188036 0.0045782972064062795 0.0044176498103009705
