1 0.884718938796953 0.7430811808118081 0.04563961124244796 0.14237392373923727
1 0.717223207249803 0.6499846248462485 0.008618991331757378 0.01614391143911439
1 0.6298020094562647 0.6722785977859779 0.014775413711583925 0.056119311193111907
1 0.6051763199369583 0.665359778597786 0.011081560283688011 0.05304428044280443
1 0.589169621749409 0.6645910209102092 0.008618991331757312 0.0253690036900369
1 0.5950182230102443 0.6642066420664207 0.006772064617809254 0.027675276752767528
3 0.5195380860274477 0.6463105621315953 0.05430444260231498 0.07730507499880196
1 0.8169572498029946 0.6749692496924969 0.018469267139479904 0.02613776137761383
1 0.78586731678487 0.6619003690036901 0.012928486997635933 0.01845018450184502
3 0.4414154846335697 0.6553659286592867 0.027088258471237216 0.02844403444034446
3 0.4706584909377463 0.6369157441574416 0.012928486997635933 0.020756457564575646
3 0.48574172576832153 0.6361469864698648 0.006156422379826613 0.006918819188191882
1 0.15792422707316323 0.6562994201370584 0.005756654692824925 0.023482053002348242
3 0.47914555893279304 0.637370010063737 0.004989100733781568 0.006709158000670855
1 0.2060882380031316 0.6527052283509848 0.006140431672346587 0.01725212057315376
