1 0.1446543999735489 0.6720770004902847 0.02149151085321297 0.0792196733156143
1 0.15550347997156508 0.6209841818697908 0.006406123427400032 0.013676360539829135
1 0.14951065482980377 0.6213712486775218 0.008059316569954879 0.01238613784739243
1 0.1405214171171618 0.6278223621397053 0.008265965712774232 0.023224008463860902
3 0.2685405610937526 0.6374990323329807 0.03327051199391625 0.017288984078651985
3 0.2726735439501397 0.6473047247954997 0.039469986278496925 0.027610765618145693
3 0.21853146853146857 0.6560782391040695 0.07046735770140025 0.04154517069646225
1 0.1863975268230587 0.6514334374112972 0.02025161599629683 0.03690036900369004
3 0.3988328456413563 0.6269192062549996 0.01942501942501945 0.02244987484839888
3 0.36556233364744006 0.6256289835625629 0.047529302848451825 0.0405129925425128
3 0.49150350568790285 0.6311697732361939 0.0027782829201269113 0.0026807960387296216
3 0.49700401157771795 0.6313573875595557 0.008040081924203144 0.011801072664664514
3 0.5075987841945289 0.6318924617817607 0.009962850388382322 0.01570901423299951
3 0.5140577507598784 0.6403795466526094 0.005825734549138756 0.010964681075382123
3 0.5323370482944951 0.647074327886136 0.03157716987504223 0.043120716921454944
3 0.5249493414387032 0.6579862941486557 0.027946639648767337 0.028676858197153425
1 0.5780563998649105 0.6515023721665788 0.031155015197568428 0.017606747496046328
3 0.5734971293481932 0.6650500790722192 0.03959810874704492 0.028887717448603033
3 0.5929521921810317 0.7168178668686249 0.10426667492541315 0.09233149100049948
1 0.6566320953760899 0.6784906558743006 0.020971554945473966 0.04126492877832001
1 0.6811783471872696 0.7026941237154306 0.051952261114924174 0.07578462881403003
1 0.7167664404280739 0.6670832837360632 0.010009151223976241 0.03471808911637501
1 0.7548171026208088 0.7101337142403682 0.014298787462823183 0.07955402134666513
1 0.774911060028882 0.6845273521859642 0.01730985487562933 0.04897376162701723
1 0.8378295076133099 0.6884101099075507 0.016999669539134184 0.043248819584969976
3 0.866506520247083 0.6557751061381581 0.02637331909809597 0.01368884656588498
3 0.8518899819517528 0.6542871880331707 0.022878059940517066 0.014680791969210088
3 0.761330994687206 0.6502202118795382 0.027326571595617587 0.007737174145935019
3 0.7718962098680698 0.6585525532674681 0.020812679529220387 0.018053406340515044
3 0.6898370573730902 0.6438717612982582 0.009532524975215501 0.009324286791255004
3 0.07908204384268214 0.6214357598121435 0.03660272942187836 0.014256960751425735
