3 0.4855329427484839 0.6323867586501952 0.00368314660636584 0.005668752339697323
1 0.5039915030664337 0.6382694261725225 0.0022270188782677297 0.005882667522327399
1 0.5027495117689382 0.6386437777421252 0.002312673450508791 0.008984437670463655
1 0.4951262548394833 0.6375742018289747 0.0019700551615444784 0.005347879565752127
3 0.4777812039606674 0.6359698379592491 0.0065097474903210665 0.0066313706615327445
3 0.48043649570014046 0.6383763837638377 0.008565457224106673 0.009305310444408766
3 0.47069788669917895 0.6357509345158527 0.005640938857350913 0.005683137091674624
3 0.46457618600739475 0.6354707798704885 0.007499884617159758 0.006723711488741771
3 0.47585806372209655 0.6310283276368555 0.00429480572093763 0.0028015464536424606
3 0.4429419034578954 0.6335096973529388 0.007307579883386422 0.0072840207794702795
3 0.4458585252534576 0.6355108019626834 0.009551135110741871 0.00808446262336815
3 0.4220127382655651 0.6336297636295235 0.003525586785844287 0.006563623119962197
3 0.42797418501253826 0.6293073776724752 0.009679338266590762 0.015208395034058771
3 0.40669246114162344 0.6290272230271109 0.010576760357532996 0.006483578935572494
3 0.41153213027491886 0.6346703380265906 0.009999846156212988 0.006723711488741771
3 0.4101859971385055 0.6357109124236578 0.00833320513017748 0.01024565560189223
3 0.3980387481218237 0.6335096973529388 0.0068588688379153055 0.008404639360927297
3 0.3913080824397573 0.6314285485588044 0.006602462526217524 0.0028015464536423765
3 0.39073116823843734 0.6379121274943769 0.010448557201684038 0.010005523048722953
3 0.40569888668379456 0.6402334088416806 0.012820315584888445 0.013207290424314181
1 0.36513542540481453 0.6302325120025393 0.002144818119423471 0.009423481331587496
1 0.36160044739317215 0.6326627782406856 0.0030186329088182306 0.008332341387929982
1 0.35472908564020433 0.6306788874340356 0.0029391952006914404 0.005554894258619988
1 0.35123382648262536 0.6302821092727056 0.00278031978443786 0.007340395984605044
1 0.3486918198225679 0.6308276792445343 0.002144818119423471 0.008828314089592533
1 0.3294678944558835 0.6291413720588819 0.002621444368184212 0.004860532476292531
1 0.32752167060677695 0.6291413720588819 0.002700882076311002 0.004662143395627543
1 0.3250988205089097 0.6297861365710431 0.00278031978443786 0.006546839661945009
1 0.3212858105188235 0.6305300956235368 0.004210198530720151 0.007241201444272549
3 0.37792489641322863 0.6383168670396381 0.012789471008414034 0.006150061500614951
3 0.37363526017438164 0.6473435702098955 0.022004245151122308 0.019838908066500016
3 0.31790970792343476 0.6384160615799706 0.018429548285416545 0.008530730468594969
3 0.3277997025852208 0.6473435702098956 0.02708825847123715 0.017855017259850055
3 0.2964218078751366 0.6425326350037693 0.02073324182109353 0.01636709915486248
3 0.27783338417346654 0.6447149148910843 0.021527618902361496 0.020731658929492542
3 0.25380347746511095 0.6458556521049081 0.03574696865705786 0.023409911518470043
3 0.30815502664583083 0.6746044155356807 0.07362663781704536 0.0639502157733442
3 0.5421273119176748 0.6459373417263584 0.014630556714411531 0.01139570219231608
3 0.5279675404440737 0.6475652991824036 0.013399272238446181 0.01627957456045153
3 0.5141699114634033 0.6465252152521526 0.015209984703101106 0.018721510744519214
3 0.5091361308116626 0.6319188191881919 0.008474134334584918 0.010129513059836497
3 0.4979459277800955 0.6317379350264091 0.015789412691790683 0.01067216554518489
3 0.585186250079867 0.6601675476214222 0.026036674972845193 0.027027027027027063
3 0.6375391348795605 0.6796649047571556 0.05774391412689285 0.05943951331405204
1 0.11112342395587077 0.6316305350553506 0.012005023640661939 0.010186039360393633
3 0.09119200650118205 0.6530596555965559 0.05802428092986602 0.0361316113161131
3 0.13459478427895982 0.6827529212792128 0.12913095941686367 0.08552429274292749
3 0.03532247340425532 0.660939421894219 0.07002930457052799 0.05035362853628533
3 0.4571485640486822 0.6327729943966106 0.00396747220033277 0.003416700833675038
