3 0.6407414984542644 0.6782216860630144 0.19435351882160398 0.2068549531649162
3 0.5479689488998 0.6697062162929321 0.004830423713402427 0.023062730627306273
3 0.49781778505182755 0.6851405052512063 0.05569194398981636 0.05464093102469487
3 0.5204071194762684 0.6734317343173432 0.03949581742134928 0.04683508373545273
3 0.22554605887939222 0.6297505282745135 0.029045685074053862 0.011827041347336526
3 0.262989735507466 0.6314851610054563 0.018311410155381798 0.01025010250102503
3 0.27277686852154936 0.6267543444665216 0.01742741104443233 0.0064654492698772836
3 0.20275151037562383 0.6299870691014603 0.015533127235254922 0.013561674078279233
3 0.15838867055156527 0.6331821279996239 0.07434762313472165 0.07192046442757426
3 0.030868380238213547 0.6576256845371 0.061736760476427094 0.06533950689825375
3 0.06879507912845764 0.6511622441065175 0.023151285178660164 0.035490163818835636
3 0.0867702639622954 0.6260135849766141 0.07867672524130037 0.05053235245728255
3 0.03228004396861966 0.6129691870167109 0.06418364427579767 0.02491362493242763
