1 0.17139479905437352 0.6356088560885609 0.008865248226950355 0.026752767527675275
1 0.22200685178507032 0.6355932203389831 0.005259045558360369 0.020326474451185125
3 0.28912229033938375 0.6415348051785602 0.0142745522298353 0.020326474451185125
3 0.4646742396922708 0.653105259866158 0.02429178186480741 0.024079054349865507
3 0.48689522151385584 0.6373639548669854 0.01258843911889455 0.020648220922642502
3 0.4942250671154386 0.6373131527925449 0.0037564611131145967 0.00562886984802049
3 0.5006110510077333 0.6370004378009883 0.005509476299234697 0.006254299831133859
3 0.505244019713908 0.6368440803052099 0.004257322594863187 0.007192444805804038
3 0.5443112152902994 0.6507598974294828 0.061856392995953045 0.0769278879229471
1 0.6211934527387106 0.6748389517793484 0.011269383339343724 0.026268059290762428
1 0.6250751292222624 0.674213521796235 0.009015506671475033 0.02689348927387571
1 0.6467373883078895 0.6757770967540184 0.012271106302840904 0.05003439864907129
1 0.6764134311014947 0.6882856964162862 0.017029290379452614 0.0606667083619989
1 0.7012060744480506 0.6878166239289513 0.017530151861201274 0.0528488335730815
1 0.704712104820291 0.6645193570579774 0.010017229634972214 0.020013759459628484
1 0.7243709179789238 0.6687410094439927 0.02178747445606446 0.022828194383638686
1 0.7132267500100172 0.6663956470073176 0.011018952598469394 0.01813746951028829
1 0.8931612373282045 0.7056413784476828 0.02579436631005332 0.0259553442992057
1 0.5113786687832313 0.6402280629304488 0.0026670421862065056 0.006127859112526104
