3 0.187937738892203 0.6243749353381384 0.0908618899273105 0.07000724212849604
3 0.317326174852522 0.6409283719005414 0.023198780406972905 0.01482912025381939
3 0.3958501660831313 0.6355971787565977 0.006920130472513967 0.00910831893129054
3 0.4250269323996768 0.6378158718296044 0.005049824939402053 0.006539305899388043
3 0.43606173504503687 0.6368816852725488 0.017767902564562947 0.008407679013498972
3 0.44597435437052996 0.6369984585921808 0.005049824939402053 0.006772852538651983
3 0.4533620612263219 0.6365313653136532 0.007481222132447521 0.006772852538651983
3 0.4594405542089356 0.638399738427764 0.011034802645360164 0.004437386146013342
3 0.4646774097016489 0.6366481386332851 0.004301702726157382 0.0046709327852771975
3 0.5016159439806087 0.6345462188799103 0.0037406110662237604 0.005138026063804909
3 0.5100323188796122 0.6354804054369657 0.0026184277463566527 0.004203839506749486
3 0.47346784570727474 0.6393339249848194 0.011034802645360164 0.00583866598159656
3 0.4841285872460125 0.6442384044093605 0.010286680432115359 0.011910878602456891
3 0.4908616871652153 0.6431874445326732 0.006920130472513967 0.008874772292026684
3 0.4998391537241524 0.643537764491569 0.007668252685758705 0.00583866598159656
3 0.5029027531520883 0.6419126691266913 0.007541617415287673 0.006918819188191882
3 0.5061348749014972 0.6421048585485856 0.007541617415287673 0.009609471094710892
3 0.5179859879826636 0.6431619003690037 0.0038477639873916248 0.007495387453874539
3 0.5338387756107171 0.6429697109471095 0.02724216903073286 0.03017373923739243
3 0.5291445035460993 0.6533479397293973 0.024625689519306517 0.021717404674046686
3 0.5009019158786446 0.660170664206642 0.028781274625689496 0.02729089790897906
3 0.5521541321907014 0.6431619003690037 0.01339021867612293 0.009801660516605167
3 0.5623891843971631 0.645179889298893 0.01754580378250591 0.00922509225092251
3 0.5915552354215918 0.6523869926199262 0.0198544621749409 0.017489237392373895
3 0.6081775758471238 0.6675699569495696 0.030628201339637555 0.027483087330873335
3 0.6296480988967692 0.6608433271832719 0.03201339637509855 0.01941113161131606
3 0.6273394405043342 0.6924584870848709 0.06125640267927498 0.04420356703567038
3 0.6581985076832151 0.7273408671586716 0.11712593577620176 0.09321186961869621
3 0.7269965277777778 0.7044703259532595 0.06387288219070139 0.06323031980319806
1 0.715376280535855 0.6680504305043051 0.008311170212765957 0.00999384993849944
1 0.7181466706067771 0.6677621463714637 0.01046591804570537 0.010186039360393548
3 0.7879075265270218 0.6545524757573157 0.037110341415141045 0.015446666094567935
1 0.8281103963934248 0.6763279842100747 0.01374457089449664 0.019093795589118702
1 0.8528506240035186 0.6755771046082554 0.009964813898510108 0.020595554792757244
3 0.8294848534828744 0.6631339569209646 0.031612513057342286 0.021024628850939673
3 0.8533660454120623 0.6598086329700507 0.024396613337731694 0.013944906890929393
3 0.8026829402386058 0.6540161331845876 0.012370113805047015 0.00793787007637514
3 0.6907886719797227 0.6469928101342869 0.010053374277984873 0.004374786015901378
3 0.6817254027442665 0.6461368737398714 0.0068545733713533535 0.0026629132270704005
3 0.7316876264287977 0.6473732263095827 0.027265969632716686 0.006657283067676043
3 0.7080012673344546 0.6496557233613574 0.01980210085057643 0.008939780119450624
3 0.9278202097351034 0.7810578105781057 0.14320785597381333 0.12300123001230001
