3 0.5029164181083051 0.745249508569852 0.11599390203486447 0.14622202296789324
3 0.3229877819756523 0.7193847639410973 0.13670709882680457 0.12759940683518983
3 0.09072380194869756 0.7536986584819119 0.18089525198294334 0.16656895540918026
3 0.25007732926802323 0.6416180984239749 0.03949316188329907 0.026554471152188168
3 0.3750469499127284 0.6233403455529882 0.027617595722586766 0.02448529158188776
3 0.46234732072498036 0.6470056888068881 0.024933510638297872 0.023254920049200548
3 0.4922847142045559 0.6395348837209303 0.011224732897172284 0.011871048943047555
3 0.5089500064141331 0.6378185874882005 0.009735737716935148 0.0092966045939529
3 0.49131114043286234 0.6300237420978861 0.004696061722286371 0.004862839326067664
3 0.48455339307640144 0.6286650075803083 0.0074449759011856855 0.009582653966074547
1 0.525901643850679 0.6406075688663864 0.0035506808144116398 0.012872221745473278
1 0.625932258246088 0.6916622737655949 0.031133907463694776 0.07116499736425937
1 0.6348150962512665 0.6582762256193991 0.010553866936845546 0.0281145668599543
1 0.6398281830462682 0.6533342119135477 0.006860013508949698 0.01954840976981203
3 0.8290941967803671 0.6849630996309963 0.12506332320162108 0.06172026005974347
3 0.9578900709219859 0.681515221402214 0.08362884160756501 0.02885147601476015
1 0.30172950105760854 0.6325500097106234 0.0043548587781510745 0.012041173043309344
1 0.5398660696397805 0.6370004378009883 0.0036312457426774325 0.007192444805804038
1 0.4998597587851104 0.633326036650197 0.002253876667868691 0.007974232284695687
