3 0.03205128205128205 0.6820891285835935 0.0641025641025641 0.08401930173147883
3 0.015237145390070922 0.6173124231242313 0.01539105594956659 0.01268450184501845
3 0.005463824862096139 0.6049162054120542 0.010619828605200946 0.0059578720787208436
3 0.018238401300236406 0.6088560885608856 0.012158934200157605 0.003843788437884407
3 0.21147310874704492 0.6298047355473555 0.020624014972419218 0.010378228782287823
3 0.2670348207249803 0.6321110086100862 0.016006698187549274 0.00922509225092251
3 0.3192874556737589 0.6366274600246002 0.00784943853427896 0.005573493234932294
1 0.20262325157604413 0.6444111316113161 0.009388544129235597 0.014990774907749077
1 0.30258815996847915 0.6413361008610087 0.005232959022852617 0.009609471094710975
3 0.3706935825453113 0.6393181119311193 0.01339021867612293 0.006726629766297691
3 0.391086731678487 0.6403751537515375 0.019084909377462548 0.005381303813038187
3 0.37908170803782504 0.639990774907749 0.022163120567375887 0.01422201722017223
1 0.40764464442795095 0.637478903858806 0.005719745908699365 0.011120169341228243
1 0.41445608151446844 0.6333133098772848 0.0035506808144116398 0.004576789953946017
3 0.44566771125405463 0.6430389885294201 0.013973647076071667 0.006579135558797379
3 0.4654828009602873 0.6450413341342716 0.00824674253669801 0.004862839326067664
3 0.4555179870617772 0.6413942046397207 0.02428207524694411 0.012157098315169203
3 0.4697779793648176 0.6396063960639607 0.01065204244323492 0.006293086186675816
1 0.4940600546117616 0.6531222288967075 0.013171880440559341 0.02331302382791268
1 0.512214342001576 0.6554106238736805 0.011682885260322204 0.020738579478818027
3 0.5772147085234666 0.6510483709488257 0.012713728077409421 0.006293086186675816
1 0.39275111331024243 0.7140507451586143 0.03917202704931548 0.11141623044137419
1 0.7064143998563606 0.688845812508758 0.0183289942244965 0.05301508711289642
3 0.5374674376232853 0.7407102733447717 0.15867100329764655 0.12010247491009951
3 0.8761076854737919 0.8638258866665101 0.24719361250395272 0.15574306061531956
1 0.8116125340681513 0.7269607727924412 0.06361897878363526 0.08555244788116668
3 0.8409751396605984 0.7217900204479751 0.11782686603122981 0.0893129950407784
3 0.8933949195163452 0.7130937551413731 0.015245968288386006 0.06815991726796247
3 0.896124136061797 0.6704350482995276 0.024845281655147433 0.006815991726796214
3 0.9156050955414012 0.6643241591651585 0.044608573880832995 0.011046607281359415
3 0.8426691361370857 0.6635015394739935 0.015057746457665147 0.01081157308388371
3 0.914381653641716 0.7174418877946741 0.017316408426314926 0.07826638775941898
3 0.9615312222372799 0.6726678731755471 0.024280616162984988 0.00940136789902931
1 0.9895762750146813 0.7189696100782663 0.02013973588712715 0.06533950689825367
1 0.9789417415789551 0.7232002256328295 0.016187077441990036 0.07521094319223448
1 0.9745185285570162 0.7224951230404023 0.02126906687145204 0.07709121677204037
1 0.9656721025131378 0.7208498836580721 0.01788107391847737 0.080851763931652
1 0.9609665567451176 0.7263731872987519 0.07735917242625465 0.08296707170893368
