1 0.6556938311253847 0.7103321033210332 0.05352602703064363 0.08389612198008772
1 0.5781926044872652 0.6462786325976467 0.008363441723538034 0.024020051521269983
1 0.5869742182969802 0.6454083408758615 0.006969534769615017 0.027153101719696475
1 0.5954770507159106 0.6455823992202187 0.007248316160399715 0.025412518276126183
1 0.5996587715776796 0.6457564575645757 0.006133190597261261 0.02576063496484019
3 0.4829887595343236 0.6384460071015804 0.013102725366876344 0.015317134303418528
3 0.4942794058611 0.6354870152475108 0.012266381194522521 0.014272784237276336
3 0.5084972567911146 0.6318317900160133 0.00947856728667642 0.010443500661421747
3 0.5238302332842678 0.6302652649168 0.005018065034122874 0.006614217085567073
3 0.4760192247647085 0.6306133816055141 0.008642223114322663 0.008702917217851372
3 0.4818736339711852 0.6285246814732298 0.007527097551184277 0.0052217503307108734
3 0.4987399081136536 0.6295690315393719 0.008921004505107227 0.011487850727563854
3 0.40325728176992726 0.6380978904128664 0.022581292653552763 0.02436816820998399
3 0.4166387885275882 0.6368794820023671 0.005296846424907437 0.014969017614704436
3 0.4096692537579731 0.623651047831233 0.008642223114322663 0.00452551695328269
3 0.38109416120255135 0.6260878646522314 0.012823943976091714 0.008006683840423271
1 0.2040679780543289 0.6245213395530181 0.005018065034122874 0.01392466754856233
3 0.24421249832731162 0.6208661143215205 0.031781078549444654 0.010791617350135754
1 0.13604531870288594 0.6523706746501428 0.024532762389045008 0.0473438696651117
1 0.1554206253624158 0.6159924806795237 0.00418172086176905 0.009399150595279555
3 0.14691779294348545 0.6217364060433057 0.02118738569962978 0.016709601058274726
3 0.27758543511407674 0.6207559117011289 0.009966847119056616 0.005676979846721493
3 0.2903499937051492 0.621410947837289 0.011015988921062586 0.006113670604161672
