1 0.9096862820267075 0.7988431235663707 0.042595787276638396 0.11036867125428017
1 0.8866579345302749 0.7321897543299757 0.029018380082209822 0.09540906219873012
1 0.8487210614870189 0.7099165586250458 0.02129789363831913 0.0787872743592301
1 0.8055928268694226 0.7381735979521956 0.029284603752688838 0.1319769954456302
1 0.7705844142014353 0.7272032179781257 0.03327795880987362 0.0980685482530501
1 0.7467573956935658 0.7087530334762807 0.01810320959257138 0.08310893919750013
1 0.6635624986688816 0.6956218210830757 0.018901880604008284 0.07014394468269008
1 0.01717142674589483 0.6439280609022305 0.016239643899218364 0.041222033841960076
1 0.041131557089003894 0.6449253681726006 0.013044959853470489 0.03523819021974006
1 0.061098332374928115 0.6439280609022305 0.013577407194428468 0.03723280476048007
1 0.10622324452111685 0.6437618430238357 0.011713841501075548 0.030251653867890044
1 0.11687219134027643 0.6430969715102556 0.010648946819159582 0.03158139689505007
1 0.13737141396715863 0.6444267145374155 0.009584052137243632 0.03224626840863005
1 0.15960109045215426 0.6474186363485256 0.014642301876344419 0.024267810245670023
1 0.1717142674589483 0.6467537648349455 0.009584052137243648 0.02160832419135004
3 0.47221625235809633 0.6558201945655819 0.02248648820752843 0.022488103668915488
3 0.48161878835637695 0.6489246710648924 0.009253289395133327 0.008697056667536368
3 0.4750021889501795 0.6434579497310124 0.00855680524711255 0.003727310000372753
3 0.4923532798884064 0.6557569006221794 0.01738582127983976 0.01930465273777956
3 0.49585071915461315 0.6442374029229143 0.012114318617730867 0.006772451944073432
3 0.49539453142423834 0.6395220041394238 0.014648694897590948 0.014431019095782696
3 0.4847754948116249 0.6429082301114607 0.00648800327644165 0.007025627717683658
3 0.4692144244532843 0.6407562360357737 0.007501753788385668 0.0037343426607508077
1 0.6038257623072546 0.664856550718149 0.006187746642424571 0.024985377055336072
1 0.5251680357251252 0.6449693775899318 0.0027479603571856385 0.006688518097340132
1 0.514522629525193 0.6479126839461166 0.0033823236207240234 0.009647445872049106
3 0.5128790845407475 0.6470298598691508 0.007886263760170579 0.007866796459375595
1 0.6695432227347122 0.6882047841457436 0.009919158855329112 0.05522153123629139
1 0.5549271758919594 0.652648767866989 0.003566479171761574 0.012512194087458165
