3 0.9918838549157699 0.674149098134338 0.01564127361999697 0.011111397827264943
3 0.9525492238258196 0.6802054034526359 0.03575030170774846 0.030965344618481203
3 0.9172122204037098 0.6629164193739839 0.0324439154226388 0.006709158000670939
3 0.8984071484071484 0.6678192656052434 0.025004546281142067 0.01187004877041775
3 0.8665831804129677 0.662529352566253 0.018805071996561454 0.006451113462183598
3 0.8695795929838483 0.6813666038758289 0.03967663542131618 0.03380383454184195
3 0.8273198432772902 0.6626583748354966 0.013432194283258125 0.01238613784739243
3 0.8285270780685307 0.703863935191076 0.06946142767859571 0.05641090893667554
3 0.7448846498736448 0.6514823768927344 0.007812287709573094 0.003817279552105811
1 0.7826723458601669 0.6826568265682657 0.021568707372082302 0.03562794248632146
1 0.6977561751039374 0.6474530262544005 0.004585473220836492 0.005513848241930662
1 0.6941896959321757 0.6550875853586122 0.0062837966359610194 0.019086397760529308
3 0.711682427107959 0.6557237986172965 0.029380995081655394 0.013996691691054835
1 0.6777159588054673 0.650528057004708 0.0022078204396620196 0.009119056707808462
1 0.6452634245187436 0.6490950623791951 0.011679612743442428 0.013002987172728851
1 0.6623606889564336 0.6504129327007555 0.009850275807722662 0.013178703215603608
1 0.6293622650005628 0.6541029696011246 0.005206574355510551 0.01739588824459672
1 0.6296437014522119 0.6511157968722545 0.006895193065405876 0.018098752416095584
1 0.6186676798378926 0.6461957476717625 0.0026736462906676315 0.011772974872605877
1 0.6167679837892603 0.6465471797575119 0.00591016548463357 0.013178703215603608
3 0.5817182277655499 0.6468698307672732 0.014520665199315245 0.008588878992238222
3 0.6014612374663733 0.6567311362768801 0.02496535420233149 0.03085634304618905
3 0.5692355506643841 0.6397124316070747 0.008916197929404105 0.009861305509606797
3 0.5502535099921705 0.6404171758759388 0.0036107120324128193 0.005101980280253018
3 0.5561446717292651 0.6378068603837164 0.008171611441776338 0.015068639432374985
3 0.5557645967784848 0.6441546730579846 0.007601499015605864 0.007593645068283467
3 0.5449799700500939 0.6429681660160653 0.006556292900960075 0.006169836617980317
3 0.521795398052496 0.6395866209465954 0.004845955622448722 0.004390076055101401
3 0.5068774562343694 0.6399425730591711 0.010357042408763006 0.01127181689823325
3 0.5081126998244054 0.6376288843274285 0.010927154834933414 0.010441261968889767
3 0.5149540489384506 0.6414850322136663 0.0035156932947177292 0.00866150140601085
3 0.47865689113893267 0.6315183730615441 0.017768503948978758 0.027408312668335703
3 0.49490509528479015 0.6417816589741461 0.024799890538414148 0.01661109858687017
3 0.4666370208205058 0.6395866209465954 0.007601499015605864 0.008898802814394667
3 0.45732518452638865 0.6374509082711406 0.01083213609723839 0.012695625348536485
3 0.44468769241294387 0.6381628124962921 0.015583072981992022 0.014594036615607268
3 0.4229759108496195 0.6408324533406106 0.0173884289981984 0.018272208445557134
1 0.40734532849877997 0.6315776984136401 0.005891161737094511 0.006644439434748034
1 0.39475534575418275 0.6336540857369989 0.017388428998198466 0.014356735207223451
3 0.40919819388383394 0.650265184323869 0.03316153945558067 0.03191703942762897
1 0.38102513815724465 0.6297386124986653 0.001900374753901466 0.004390076055101401
1 0.37864966971486774 0.629975913907049 0.0020904122292916463 0.004627377463485217
1 0.3739462421989616 0.6295013110902814 0.004085805720888203 0.005576583097020651
1 0.3698604364780735 0.629975913907049 0.0027555433931571427 0.005576583097020651
1 0.3657271213883378 0.6285521054567459 0.004180824458583226 0.008424199997627035
3 0.37636922001018597 0.6424342378472017 0.025845096653060007 0.02076387323358767
1 0.2912324310354002 0.6265350434854831 0.0032306370816324926 0.004390076055101401
1 0.2845336100278975 0.6257638139082355 0.004655918147058576 0.005220630984444884
1 0.30310977324728433 0.6324675786950795 0.004180824458583226 0.0157805436575266
1 0.30919097245976906 0.6322302772866957 0.005321049310924172 0.016967050699445853
1 0.3160798309426619 0.633476109680711 0.010167004933372827 0.0173230028120217
3 0.2912799404042477 0.6684187420652342 0.07287937181212134 0.05683368730793414
1 0.2583084384240572 0.6245773068663163 0.0061762179501797815 0.008780152110202801
1 0.21360212233852516 0.6336540857369989 0.007791536490996045 0.02812021689348732
1 0.22277143052609974 0.6359677744687415 0.017958541424368906 0.02800156618929537
3 0.1549280518118173 0.6439766970016967 0.04532393788055005 0.038798780270760905
3 0.0642801760507172 0.6127715617992193 0.08922259469567398 0.027645614076719602
1 0.036819760856840966 0.6187040970088158 0.0040858057208881604 0.008186898589243135
1 0.013967754441175801 0.6184667956004319 0.005131011835533969 0.012932926756920302
3 0.9347659170354206 0.7460497681899896 0.1293164413731789 0.10123947393320079
