3 0.6524656989461125 0.6554126288926441 0.020713196791940128 0.007931855019484754
3 0.5892214047413888 0.6980032417146601 0.07318662866485497 0.06759319929647893
3 0.3454961224895605 0.6581715349863779 0.08064337950995337 0.040349001620857354
3 0.29150372285190335 0.6521364279063352 0.018503789134133163 0.024140428320171055
3 0.17338495681960725 0.632577754348972 0.21771119795435903 0.12500941335943974
3 0.049452405075505385 0.6378492356352135 0.04342162396873644 0.028616612696739166
3 0.6796690307328606 0.6996110501645556 0.06229633889208358 0.06349522954689
3 0.7374395672268013 0.6937934244207307 0.011713841501075616 0.04454639140986003
3 0.8878209116171042 0.7381692237975012 0.22240885902700008 0.1136142940376772
3 0.9539214466426112 0.7164821648216482 0.08865248226950341 0.07995079950799519
3 0.8077226162332545 0.6904253253058845 0.11975861639915386 0.09386935974622906
3 0.7448623035129195 0.6674435165404284 0.10031728256812242 0.09063248527222112
3 0.33895051625548084 0.6420506512757436 0.02576225980481303 0.011827041347336526
3 0.36881705764684486 0.6381871511022803 0.03422339415247217 0.010092408616393904
3 0.4271656191739222 0.6408064080640806 0.024025062945664904 0.009000090000899961
1 0.45551519344980684 0.6435064350643507 0.00336350881239312 0.0060000600006000025
