3 0.8944808146935808 0.8782287822878229 0.2095835606473904 0.13965370422935003
1 0.9787308854774516 0.6953851184081461 0.023191788610587436 0.02872623662945492
1 0.9599343148696772 0.6948012518099864 0.030111919083101336 0.03082815638282962
1 0.9128026154352575 0.6911812789013966 0.029363796869856598 0.032930076136204404
1 0.9056670590825124 0.6896036571701749 0.027038408897311482 0.0316715717764465
3 0.6705430399109998 0.6572199913175601 0.004997566402447528 0.005019535489472591
3 0.674345536086775 0.6606794009116562 0.00847413433458485 0.01058172346429349
3 0.6796147093589209 0.6614933796396787 0.010755632040050023 0.0111243759496418
3 0.6843406688916701 0.6621716952463641 0.007604992351550486 0.011395702192315997
3 0.6906962696426089 0.6634604948990666 0.011624774023084388 0.01288799652702412
3 0.7030272215269086 0.6632570002170609 0.018469267139479904 0.017364879531148233
3 0.7073729314420804 0.6655632732797916 0.011516131275205125 0.014108964619057961
3 0.7185088130997079 0.6661737573258085 0.016405054929773257 0.01614391143911439
3 0.7270372688082324 0.6682765357065336 0.015644555694618287 0.016822227045799925
3 0.7399114344319287 0.6703793140872584 0.022054477819496626 0.019942478836553056
3 0.7540893130301766 0.6732282396353375 0.027595257961340595 0.02129911004992404
1 0.7769829624194996 0.6756584807227384 0.012114707027888742 0.024317484554155867
1 0.8215259632532869 0.6801482488509095 0.008424577993446937 0.02897002654237064
3 0.6586378975062914 0.6700095226758719 0.040632387706855795 0.03451970003571002
3 0.6312318882025472 0.6523032972265207 0.00703023716922144 0.0026782525889775
3 0.5687902851023419 0.646492362359521 0.0031992348777218835 0.0030487484362023295
3 0.5652963838543035 0.6477013488083598 0.006819421713038739 0.0044154287696723275
3 0.5527894606630381 0.6461855316227582 0.005669635493979866 0.005363425727280484
3 0.5475493430095113 0.6463464343945765 0.00463879267689258 0.004612546125461255
3 0.5389589862004508 0.651173517549129 0.012370113805047015 0.016841156783660848
3 0.53174308648084 0.6501008324036729 0.003607949859805363 0.00954689779455931
3 0.526331161691132 0.650315369432764 0.00979300676232887 0.010405045910924251
3 0.5441561520699324 0.656429674761864 0.01881288141184231 0.015768471638204735
1 0.5123718318764088 0.6482236333991247 0.0035220462917147444 0.013301295803655707
3 0.5819366852886406 0.7061576202354203 0.15353223186338613 0.11152569626254924
3 0.45231401614380334 0.6559788570858681 0.013843630864907447 0.02443402812406504
3 0.37011745788341527 0.6653701672151856 0.10449279066300339 0.06050330773578009
3 0.2627627627627628 0.6297995412386556 0.047920260686218144 0.008643329676540001
3 0.2524465955317019 0.6487483793756855 0.0664228057845079 0.03756524051727001
3 0.23494238919770832 0.6759250024932681 0.09344450833812537 0.06898041953392507
3 0.1551418439716312 0.6216548651973006 0.028352820906012394 0.008643329676540001
3 0.0922465018209699 0.6191615970213755 0.020765446297361205 0.006648715135799994
3 0.15480906438353248 0.6573917090522257 0.10515834983920089 0.05119510654566003
3 0.06036621728111089 0.6169176556630431 0.04592358315762571 0.00914198331172496
3 0.0666890294549869 0.6476679631661181 0.09637296871339424 0.04138825172035501
