3 0.7689931227165269 0.7956642066420664 0.22498925424457342 0.167309627641731
3 0.7304922622939825 0.661458742246997 0.02158677464245596 0.016487398916542353
3 0.7658065489663499 0.6645991991834813 0.029760407759502453 0.01858103687419858
3 0.8469141391278104 0.6721886367799849 0.051556762738292884 0.024338541257753015
3 0.919114564995054 0.6782078459082463 0.04464061163925348 0.02747899819423731
3 0.9815625079437708 0.679492520731659 0.03628396756399507 0.03215886997579657
1 0.6357399781387426 0.6807721303019482 0.012233407051526502 0.041463317858985084
1 0.5599229067570518 0.657611997806725 0.0066459692196682695 0.017338727604143508
3 0.4905556030267642 0.6410142414677158 0.004391086805852232 0.005186798855940376
3 0.4999311667473677 0.6401250759495546 0.014360040635354671 0.02119177818284206
3 0.48349426073086677 0.6440522236547666 0.011393090090859901 0.0056313816150209296
3 0.4843843458942151 0.6585752604513997 0.024328994464857107 0.024303857496406265
3 0.5221832958310784 0.6467197202092502 0.03133099774986471 0.043865498895952794
1 0.3912814378079694 0.6370129966359904 0.00261091647915537 0.006965129892262757
3 0.35419455600178484 0.6388654247988262 0.019107161506546302 0.009484432193719562
3 0.3461837895316491 0.6402732702025815 0.018039059310528172 0.007557906904370246
1 0.3229228972628101 0.6375316765215845 0.00522183295831074 0.010373597711880752
1 0.31770106430449935 0.6384208420397457 0.004509764827632009 0.011262763230041942
1 0.3134286555204268 0.6385690362927725 0.003797696696953278 0.012151928748203132
3 0.3312896977982854 0.6476088857274115 0.028126691161810317 0.018968864387439038
3 0.2898710681971384 0.6530179759628921 0.03833300103487235 0.026823159797862987
3 0.2689243973530054 0.6321225862861038 0.0852108196378896 0.05557284488507538
3 0.26536405669961166 0.6991804857807614 0.10681021960181149 0.09958653803405502
3 0.509347470684403 0.7348864533421453 0.09894381520294508 0.11492353729507442
1 0.055185280127602605 0.6487203426251129 0.0465217845376779 0.042828139124764755
1 0.02337957029061874 0.6539812386075667 0.03797696696953298 0.05008965752308121
