3 0.8030077084117966 0.7221087581107674 0.11257406493844059 0.07391389545907412
3 0.5980348699763594 0.7017988929889298 0.07387706855791962 0.08625461254612546
1 0.32330258394088185 0.6221453822929838 0.007232719998677447 0.023224008463860902
1 0.4880727834540904 0.6299143518379035 0.005167590051144693 0.010459894198238477
1 0.7947442122974038 0.6766729829460456 0.029683939258407288 0.02027858116419001
1 0.8016660277298574 0.6736810611349355 0.015307861052541949 0.022273195704930016
3 0.6646855126028036 0.7025795610068777 0.06853572181711222 0.0635795090345269
3 0.6924800830839448 0.6561013587014484 0.039458041241339656 0.016637160591259054
3 0.04772906368651049 0.6725930895672593 0.09438355183036033 0.08118081180811808
3 0.13342646321369725 0.6596220507659621 0.11497958306468944 0.08386447500838644
3 0.21515816728582685 0.6549522638083525 0.06276032871777554 0.05857201429157151
3 0.25756125933430896 0.6509107948222339 0.046061765919921956 0.045334739061676343
3 0.17430297572141545 0.5980202659169449 0.036774363015497774 0.04592045920459201
3 0.19883485309017224 0.612487553446963 0.013602761829712182 0.02518596614537572
3 0.21210927239296035 0.614127569847127 0.022514916131937394 0.020968781116382607
1 0.24639761341889002 0.6229133719908627 0.01210176742091636 0.01066010660106602
1 0.25845247476453154 0.6226790839336965 0.011257458065968732 0.01112868271539857
3 0.434038620791754 0.6332998750731148 0.019372851637497534 0.018053018103566545
1 0.4270136657843513 0.6215767285877987 0.0031992348777218835 0.007253918693033074
3 0.4953806617033038 0.673477630298691 0.04454676969761124 0.05195425088579249
3 0.5598977179524292 0.6838617365765494 0.03859699908332123 0.05798629414865576
3 0.549826313504125 0.6698546577302508 0.0442659333236841 0.04864824158445667
3 0.538970907511941 0.6581067851494841 0.03678776475129062 0.04262369154303792
3 0.479922568266694 0.6603561687790791 0.033919210607462245 0.037007326595005156
3 0.479922568266694 0.6422803358468367 0.02740946311714118 0.009626183218353963
3 0.4827919964367698 0.6365581047114819 0.01755918730941852 0.004385261243916789
3 0.7302009456264775 0.6783517835178352 0.03467297084318352 0.037638376383763834
3 0.5977865540770259 0.6501376050549802 0.024806881883662632 0.020980142911796947
3 0.5729302560939934 0.6375495193079022 0.022731405710129108 0.03430870429105629
3 0.5911647967614665 0.640819953350035 0.013342346829858395 0.009255945402263417
3 0.5500318859064294 0.638316056185085 0.016103993146140524 0.015986808369446097
3 0.5228161374894519 0.6525433101742462 0.016426073009063364 0.033381260243120145
3 0.5365022061772965 0.6347662754605885 0.010241441995032912 0.005062144484260757
3 0.5203932713726093 0.6458896718931089 0.023256607863720507 0.02597679406396949
3 0.4732828729473374 0.6265845054538566 0.007152889767466113 0.007037234186522779
3 0.48336194489240325 0.6248251969072258 0.0043350847075551814 0.004420826604354012
3 0.5093237698816776 0.6379952968295426 0.014514890044125314 0.017288334092408958
3 0.5073884512091275 0.635206855846896 0.013621666041409897 0.013942204913233058
3 0.5032572901965687 0.6318607266677201 0.011165300033942482 0.013942204913232973
3 0.5412274372466548 0.6325254319540714 0.008065982671336135 0.0053107230824168935
3 0.5297517437187993 0.6304194555593199 0.014885404384374875 0.007691392050396912
3 0.7570512156822142 0.6702669216473186 0.043679142724025434 0.0325908368572737
3 0.7739836240962191 0.6572036523284941 0.031168573449983705 0.012120559161795977
3 0.7476682887266829 0.653365475260592 0.04605183689668864 0.013063269318824556
3 0.7962006695311556 0.6663614081396287 0.047346033718141195 0.021008969213779743
3 0.9819179134096047 0.6815794435316614 0.030090076098773046 0.021008969213779743
3 0.9684054200962882 0.6683330190966142 0.06259814325896022 0.04488377730492638
3 0.9139725802833427 0.6648800064642981 0.025776086693931076 0.004578877905567347
3 0.9038347051819641 0.6733643978775553 0.036345360735794044 0.01966224041802461
3 0.9224927093579057 0.6778086029035472 0.056621110938551475 0.021547660732081766
3 0.881348035409225 0.6636006141083308 0.030845024244620534 0.007407008376653083
3 0.8350265741747338 0.6681794920138981 0.03483546444409933 0.01898887602014704
3 0.857944642887957 0.6726910334796778 0.04378699245914658 0.021008969213779743
3 0.8558954979206571 0.6610418293963961 0.013589066625252387 0.005521588062596009
3 0.5596886094253938 0.6373873017080687 0.004975912521426883 0.011285679867107967
3 0.5218615193390364 0.6297789782021531 0.0032495755241971403 0.005199021062375527
3 0.4493663527496803 0.6255519932248502 0.005813277525869088 0.006412195269493712
3 0.46772662093555006 0.621922448732684 0.0018408712165252146 0.00350855967576074
3 0.46583730573964266 0.6224668804065089 0.0031004146804635407 0.004597423023410573
3 0.5180654595113405 0.6256472646470335 0.00644159725845617 0.0031169249022190092
1 0.804721360323089 0.6727590713407134 0.00969636524822695 0.02171740467404677
