3 0.5832400149309444 0.654064435381196 0.0183180567652386 0.010789581580026382
3 0.5950776270858391 0.6560065600656007 0.01883649233406602 0.011221164843227363
3 0.6544321927145347 0.6615131844749104 0.04012010146503082 0.016699437067363324
3 0.6870028127210919 0.6656880437417513 0.027178133250504773 0.01966224041802461
3 0.6968171386171075 0.6683815013332615 0.019628651792031226 0.022355698009534797
3 0.7359665924660488 0.6669000996579308 0.014236165035978729 0.023163735286987914
3 0.7577522389605011 0.6699975758881676 0.04227709616745173 0.028819996229159386
3 0.8459733222895204 0.6774045842648208 0.048316681334230574 0.0258571928784981
3 0.8998981898500457 0.6775392571443962 0.053924867560525225 0.036361677485388016
3 0.9449793791306448 0.680906079133784 0.050905074977135804 0.029089341988310397
3 0.9295568670083345 0.7371993427963476 0.13308657313937647 0.07541681256228622
3 0.9841491524948988 0.7099056392023774 0.030022865394277495 0.03160323574038658
1 0.8190973394874104 0.7298072980729807 0.028378175541296107 0.08200082000819998
1 0.8105369807497467 0.7246822468224682 0.015479004840706943 0.06413635564927071
1 0.7411159893429397 0.7380073800738007 0.03517955645615226 0.10191530486733437
1 0.6902228976697062 0.7410824108241083 0.040339224736387826 0.10572248579628657
1 0.7093371233442155 0.702424881391671 0.01758977822807613 0.05945059450594505
1 0.6810762129911065 0.6762139049961928 0.011257458065968697 0.030457447431617213
1 0.6355773199744832 0.6870497276401335 0.03142707043416261 0.03690036900369004
1 0.6015704154002026 0.674017454460259 0.011257458065968631 0.030750307503075003
1 0.49134113850425903 0.745475311895976 0.10319336560471311 0.12856557136999938
1 0.4934726667921922 0.6481239591156973 0.0023536057239691185 0.007673970545015168
1 0.4959570283897152 0.651226202527512 0.0031381409652922027 0.008653626359272481
3 0.48226417907268965 0.6458672694835056 0.005058249739100769 0.004764912513989969
3 0.4759191815929404 0.6461997052402957 0.0063893680914956985 0.0056514078654299905
3 0.473478797946883 0.6516294892678656 0.00878538112580661 0.010305508460489977
3 0.46802121270206376 0.6491362210919406 0.007276780326425718 0.008200082000819989
3 0.4688642543252472 0.6439280609022305 0.004880767292114806 0.004654100595059987
3 0.4653589759972739 0.6474186363485256 0.008341675008341702 0.00786764624402996
3 0.461809327057554 0.6447037443347406 0.0033721664927338466 0.004654100595059987
3 0.45479877040160727 0.6437064370643706 0.011358876607103554 0.013740677947319998
3 0.32857009105165835 0.7244894231120529 0.11995880439107744 0.11398925870446822
3 0.2714386486692595 0.635489822640162 0.0400366048959048 0.01755743363885249
3 0.26440841150003813 0.6374241161766456 0.010724090597117354 0.004761337935960037
3 0.24629661404712883 0.6368289489346507 0.019779989323572045 0.005951672419950047
3 0.24784564935560133 0.6426318295441019 0.02240143369175626 0.011010593976907481
3 0.2801370777091436 0.6500714200690394 0.03121901929383058 0.025889775026782472
3 0.28764394112712577 0.6564694679204857 0.03288721116449324 0.024997024163790026
3 0.23747902844505453 0.6585525532674681 0.050284069244261445 0.03035352934174503
3 0.2057833829024632 0.6406975360076181 0.021209868069854337 0.005951672419949963
3 0.21805650880805308 0.6398047851446257 0.012868908716540825 0.006546839661945009
3 0.1501372683596431 0.630728484704202 0.02144818119423474 0.0080347577669325
3 0.13226378403111416 0.6298357338412094 0.01096240372149774 0.006844423282942574
3 0.08841416914512316 0.661677181287942 0.07959658354304888 0.038388287108677525
3 0.024307938686799358 0.6290917747887157 0.016205292457866238 0.007142006903939972
