1 0.4875412953870401 0.6458155927713123 0.007861277808086348 0.013364556722490307
1 0.47963266048372427 0.6483584066609897 0.005682851427532294 0.008278928943135594
3 0.865792828586635 0.7321149127721643 0.2011312861262733 0.09447267247541583
3 0.6741443108233117 0.7030322477137815 0.11846027340939465 0.05904059040590406
3 0.5375854577982238 0.6725840231375286 0.06261580729665836 0.053056746783684036
3 0.4849351087952911 0.6683108667821372 0.05114102378540068 0.03275849085021464
3 0.46036840333213863 0.6368845464871188 0.009412820986246457 0.00819380322440283
3 0.4762072847993802 0.6386080706136311 0.011675518338709513 0.009380491967247398
3 0.3062776778876569 0.6324385426952862 0.028614357540039267 0.00922509225092251
3 0.19782278794635944 0.6426948548961472 0.07265116087005892 0.03512786219565254
3 0.13217011867377063 0.6158322777257623 0.18877244980769908 0.0545244258412734
3 0.03348190079597458 0.6327792635724522 0.02195978918602382 0.017491000598079405
