3 0.4050156373128448 0.6483510147601476 0.01923881993695819 0.019795510455104522
3 0.41594183505062665 0.635661073591868 0.007805878941968908 0.008354800529137363
3 0.4237477139925956 0.6332242567708695 0.00780587894196884 0.018798301190559027
3 0.46296296296296297 0.6458525522755227 0.0800334909377463 0.08552429274292749
1 0.5543088800236406 0.6500807195571956 0.005079048463356974 0.014414206642066421
1 0.6083314864066194 0.6774677121771218 0.01339021867612293 0.04035977859778598
1 0.6025598404255319 0.6774677121771218 0.014775413711583925 0.03690036900369004
1 0.6736665189125296 0.6930350553505535 0.023086583924349882 0.1014760147601476
1 0.7447731973995272 0.7135032287822878 0.030474290780141845 0.12165590405904059
1 0.8131094858156028 0.6604589483394834 0.013851950354609928 0.03055811808118081
1 0.8188811317966903 0.6936116236162362 0.01616060874704492 0.0761070110701107
1 0.8391973256501182 0.7322416974169742 0.04386450945626478 0.14990774907749077
1 0.7969488770685579 0.7140797970479705 0.03601507092198582 0.11127767527675277
1 0.783558658392435 0.6959178966789668 0.022163120567375887 0.1014760147601476
