1 0.6185008844583313 0.6684643769514619 0.03141066970854203 0.03277165638789259
1 0.5877101621782473 0.6950429644156582 0.017358527996825846 0.07147833716099401
1 0.557022764469573 0.6934946971847341 0.0175651771396452 0.07251051531494329
3 0.5809940650366182 0.6395633886408795 0.018391773710922613 0.009547647924031686
3 0.5897766536064408 0.6418857894872655 0.014465439997354893 0.009547647924031686
3 0.6289366661707088 0.6451113462183573 0.028310932566251727 0.01238613784739243
3 0.6129213576022088 0.6442081903336516 0.015292036568632308 0.009547647924031686
3 0.6606573095934798 0.646401568910794 0.019838317710658224 0.012902226924367112
3 0.6717130387343153 0.6511753928728099 0.02252475656730969 0.01883725130957603
3 0.6761559953049315 0.6545299718731453 0.014052141711716051 0.01883725130957603
3 0.713146191869596 0.6536268159884397 0.021078212567574212 0.024256186617810264
3 0.736600869579593 0.6547880164116328 0.04029658284977424 0.02554640931024697
3 0.739183983864835 0.6811085593373416 0.09216551769743256 0.0379325471576394
3 0.8580982115325316 0.6593935504572437 0.042720217905231825 0.030482913524787367
3 0.8166628122109157 0.6630033691641264 0.041435399321615836 0.026472003850473252
3 0.9078849316476513 0.6652093694849992 0.02665998561003191 0.024466549013316234
1 0.9473931030938431 0.7235681052462698 0.03501130640353576 0.07460291994224298
3 0.9477143077397471 0.6974971923632279 0.07869513824647961 0.04251564254772988
3 0.8391471374241957 0.7069228300978663 0.09218573337444755 0.062169099951869096
3 0.4937450748620961 0.6309239562983865 0.008836276827515902 0.005788293177049355
3 0.4802009456264775 0.6290246725996671 0.007532563852964356 0.0034367990738730704
3 0.48331537106568395 0.6313761667028435 0.005649422889723234 0.0045221040445698555
1 0.4874437954850971 0.6319188191881919 0.0023177119547583046 0.005969177338832152
1 0.4915722199045103 0.6339085449678027 0.0024625689519306316 0.006330945662397832
1 0.5053336346358874 0.6400586064684176 0.003331710934964996 0.01067216554518489
3 0.4777383766745468 0.6337276608060198 0.006083993881240483 0.006692713985963427
3 0.46767081537106564 0.6332754504015627 0.007387706855791962 0.00795890311844301
3 0.45782053956334307 0.6289342305187758 0.010284846799239843 0.01338542797192677
3 0.5006110510077333 0.7559884920883108 0.12771967784589494 0.16104822065169813
3 0.004257322594863165 0.7006379385827757 0.00851464518972633 0.04721996372506101
3 0.28261109107665183 0.6180811808118081 0.0393176263172657 0.012821314653824528
3 0.2762251071843571 0.6237100506598287 0.008013783707977716 0.009068734755144145
3 0.2622009856953961 0.6219901182062668 0.019533597788195703 0.008756019763587503
3 0.26170012421364747 0.6269935580711739 0.02153704371519013 0.011257739696041064
3 0.2966352125656128 0.6249609106260554 0.02028489001081859 0.007817874788917408
3 0.2933796129342469 0.6296516354994058 0.029801258164042145 0.010319594721370885
3 0.2907500901550667 0.639189442741885 0.035060303722402514 0.024391769341422235
1 0.21574608326321273 0.6368440803052099 0.008264214448852046 0.029707924197886
1 0.20660536122130063 0.6373131527925449 0.009516368153223556 0.032522359121896285
1 0.18381616380173896 0.6362186503220965 0.009015506671474932 0.02720620426543252
3 0.17642845694594705 0.6179248233160298 0.02579436631005332 0.00875601976358742
3 0.16778859638578353 0.613077740946901 0.020034459269944325 0.007192444805803955
3 0.06511199262731898 0.6096378760397774 0.024542212605681766 0.014697604603164719
