1 0.3394456886898096 0.6506117692755875 0.03343909418937414 0.03690036900369004
1 0.3182546348139853 0.6326471159448437 0.006610053502550731 0.009710623422023676
3 0.3530546223715317 0.6345892406292485 0.021774293890755272 0.011652748106428428
3 0.3296083737713077 0.6334277006737679 0.014542117705611582 0.009329668195467369
1 0.49633725270623363 0.6603223926976112 0.010498320268756953 0.035929306661487706
1 0.50644674629837 0.6634783453097689 0.008165360209033194 0.03350165080598178
1 0.5245271867612293 0.6508545348611381 0.006998880179171347 0.019906778015148518
1 0.5301651735722285 0.643814332880171 0.0034994400895856734 0.0067974363954165905
1 0.5297763468956078 0.6506117692755875 0.007387706855791962 0.01650805981744035
3 0.5205551727108279 0.6473848544153458 0.01771853255615851 0.014909541807968694
3 0.5404690805026751 0.6472130510778792 0.016330720418066453 0.019421246844047436
3 0.5602992410103272 0.647941347834531 0.022551947243996503 0.01116721693532726
3 0.46792071767413457 0.6419686713423426 0.012133452319446392 0.013196158451650786
3 0.4845552894024079 0.6364702719874881 0.01135064894399826 0.014906771584272172
3 0.4763358539602022 0.6356149654211775 0.00782803375448153 0.012218665233009934
3 0.50011350648944 0.6391583783387502 0.009980743036963995 0.015395518193592556
3 0.6444428788376936 0.6628842065292787 0.04775100590233744 0.03539089389875054
3 0.7001197689164435 0.6843674397008871 0.09882892615032954 0.042276581706214345
3 0.8322178385233197 0.695364238410596 0.12387863416467046 0.05009652745534074
3 0.9678385233197125 0.7353192737225386 0.06360277425516249 0.08748564306835124
3 0.9588441125358133 0.7038619127913134 0.08080879244751306 0.03896613800575089
3 0.08757612762826233 0.9574546076586594 0.17476085356880058 0.08406441680310839
1 0.49656755773777045 0.6515753619074652 0.004318967084924506 0.017314788532500788
