3 0.48998807864056093 0.6303024568707226 0.014901699298862463 0.008200082000819989
1 0.4930189327352448 0.6340082631595546 0.002273140571012958 0.004573122654303452
1 0.5089940595259744 0.6407102532563788 0.004167424380190367 0.011669347462705402
1 0.5017957810511002 0.6385025388715426 0.0034097108565194034 0.007884694231557656
3 0.4872729385140733 0.631721701832403 0.006440564951203258 0.0037846532311476616
3 0.4846840839748642 0.6344024978711327 0.005303994665696812 0.005676979846721576
3 0.4762860924208442 0.6341659570441859 0.006187993776646314 0.0070962248084019495
3 0.46731981572407105 0.631721701832403 0.009471419045887112 0.011353959693443069
3 0.4017144531328929 0.634323650928817 0.009345133458608641 0.005203898192828119
3 0.35310988707683816 0.6335812089085359 0.02070057961622924 0.008054395264764773
3 0.35190985347589737 0.6297413227939386 0.011700327609173037 0.005244722497986427
3 0.3909109455064742 0.6330192743551801 0.009000252007056203 0.005057410980201209
3 0.3940610337089438 0.6742278082679304 0.06660186485221589 0.03465263079026726
3 0.39331101270835583 0.7604847622080282 0.15690439332301304 0.14160750744563286
3 0.18710170623907904 0.6340245467672069 0.015417823003391918 0.016645275148403603
3 0.25664251207729466 0.6416452751484036 0.051713947990543734 0.016645275148403686
3 0.3304392794737383 0.6313171827370447 0.013008788159111925 0.006417455478902586
3 0.3379875886524823 0.6255013637092892 0.027462997224791886 0.010829456120648156
3 0.12735990410548398 0.6231484850059769 0.02455632137981553 0.011433917156072953
3 0.1660673259414644 0.6306844758588431 0.017064562314787098 0.017670599241203715
3 0.01641712634620436 0.6483189831898318 0.03201339637509851 0.03280032800328004
1 0.5371255467616862 0.6545804588480668 0.006424092918079938 0.022817619480542565
1 0.5553985221731137 0.6550261154785462 0.006424092918080005 0.02406545804588478
1 0.6895610449973955 0.6937582087685283 0.0197840285290701 0.06035399337044218
1 0.7018321513002365 0.6900056288698481 0.014274552229835267 0.055350553505535055
1 0.755799975958649 0.6911001313402965 0.01803101334294993 0.06692100819313276
