3 0.10127314814814815 0.8321801968019681 0.20131501182033096 0.2698339483394834
3 0.025109662608125284 0.6439434336539898 0.04987769715355499 0.032847727321203876
3 0.09223957692780715 0.6517287716229764 0.068667240601812 0.03945993217157601
1 0.12563372005630033 0.6539683893948766 0.013835936539171069 0.04735191860589127
1 0.07054619494663769 0.6742315978073075 0.053293977780510794 0.050764669496405956
1 0.05619781631342326 0.6471428876138472 0.010932098006258634 0.046072137021948234
1 0.24730847869145742 0.6474020145606861 0.010143121845249521 0.03281140919517297
1 0.35320920178425547 0.6377444508390038 0.006777712711735753 0.013654264983016787
3 0.3419280344754285 0.6635530932966005 0.04694314002099959 0.043536402666478936
3 0.4009978558469405 0.6510703747466813 0.026696185775849306 0.024820283981015198
3 0.4417981811598833 0.6485156743459326 0.018262943794858735 0.018882350985672022
3 0.43165505931463377 0.6437285994481566 0.013098204587566307 0.014494198996043942
3 0.4246764962050516 0.6333268595843853 0.012131392310563618 0.004272674305690421
3 0.4382510565875713 0.6374801165954767 0.009764058951637561 0.003875749917236595
3 0.4502676957307746 0.6361189494247884 0.006362119315811423 0.005990883438246152
3 0.45827481258979375 0.6353472146174955 0.005473361275353943 0.008170246204216008
3 0.4530879377185375 0.6320965219702448 0.006880343403384186 0.009209639835091779
3 0.4632824639530544 0.636407159665232 0.00676377567702863 0.00672968785991407
3 0.46881646223425955 0.6355715943940345 0.006185056902523508 0.007587835976279012
3 0.979642402514743 0.6714042415149426 0.02776478840308633 0.013584201776083691
3 0.650460490886023 0.678026471384405 0.08876657812828034 0.04131701548675718
1 0.6282557452306339 0.6515489573500386 0.006442767606795228 0.010941388483652307
1 0.5605433662826833 0.6467753152921686 0.004327972323681234 0.015548654886308761
1 0.5479789900282621 0.6459506700330161 0.0038660480989708115 0.016313847348999766
1 0.5258113484846287 0.6423984485243627 0.0032632815559326092 0.00875346176774654
3 0.4916309826486463 0.6387941237902944 0.008005008506815015 0.010443500661421662
3 0.48790935913647443 0.6339712234331646 0.012049407150842031 0.014130838982808407
3 0.47625509886988987 0.633231207520062 0.008850497397953745 0.01062190322402397
3 0.5063856449634725 0.6381544266570485 0.01453100837199381 0.006714202480370625
