3 0.9424867021276596 0.7728321033210332 0.11340130023640661 0.117619926199262
3 0.9666814420803782 0.7031826568265682 0.06501182033096926 0.05857933579335793
3 0.9304816784869976 0.709870848708487 0.06575059101654847 0.04428044280442804
3 0.8573433806146572 0.6817343173431735 0.09234633569739953 0.03690036900369004
1 0.8929890661938534 0.6605166051660517 0.00775709219858156 0.004612546125461255
1 0.8120936761229315 0.6732011070110702 0.009234633569739952 0.022601476014760147
1 0.7622266548463357 0.6743542435424354 0.008495862884160757 0.023985239852398525
3 0.739878841607565 0.7850553505535055 0.20168439716312056 0.15129151291512916
3 0.8023049645390071 0.7287822878228782 0.14184397163120568 0.08394833948339483
3 0.7215942671394799 0.6916512915129152 0.08902186761229314 0.03643911439114391
3 0.6877955082742316 0.6851937269372693 0.04949763593380615 0.04381918819188192
3 0.7323064420803782 0.6676660516605166 0.04469562647754137 0.013376383763837638
3 0.6600916075650118 0.680119926199262 0.04506501182033097 0.038284132841328415
1 0.6730200945626478 0.6579797047970479 0.008126477541371158 0.006918819188191882
3 0.6057919621749409 0.672739852398524 0.0384160756501182 0.03920664206642067
3 0.6253693853427896 0.6706642066420664 0.028812056737588652 0.03044280442804428
3 0.5841829196217494 0.665129151291513 0.02992021276595745 0.03690036900369004
3 0.5501994680851063 0.6741236162361623 0.04469562647754137 0.04658671586715867
3 0.6567671394799054 0.6547509225092251 0.022163120567375887 0.013376383763837638
3 0.5295138888888888 0.6639760147601476 0.016622340425531915 0.0253690036900369
3 0.5025487588652482 0.6526752767527675 0.022532505910165486 0.025830258302583026
3 0.5186170212765957 0.6448339483394834 0.006648936170212766 0.007380073800738007
3 0.5263741134751773 0.6466789667896679 0.007387706855791962 0.008302583025830259
3 0.4881427304964539 0.650830258302583 0.015144799054373522 0.01845018450184502
3 0.4758760589046494 0.6421048585485856 0.008341952324665112 0.0065344403444035
3 0.3113918439716312 0.6559040590405905 0.05540780141843971 0.03136531365313653
3 0.22033835697399526 0.6628228782287823 0.07720153664302601 0.05166051660516605
3 0.2576462765957447 0.6439114391143912 0.03730791962174941 0.03782287822878229
3 0.20796394799054374 0.6466789667896679 0.06057919621749409 0.04151291512915129
1 0.15975916075650118 0.6459870848708487 0.005540780141843972 0.0235239852398524
1 0.1536643026004728 0.6452952029520295 0.008126477541371158 0.03044280442804428
1 0.14369089834515367 0.647370848708487 0.006648936170212766 0.026291512915129153
1 0.13408687943262412 0.6439114391143912 0.008865248226950355 0.02859778597785978
1 0.12282062647754137 0.6446033210332104 0.009234633569739952 0.029059040590405903
3 0.08569739952718676 0.6462177121771218 0.05688534278959811 0.03136531365313653
3 0.03546099290780142 0.6505996309963099 0.06944444444444445 0.03274907749077491
3 0.03416814420803783 0.7045664206642066 0.06685874704491726 0.11208487084870848
3 0.018099881796690306 0.636070110701107 0.03546099290780142 0.016605166051660517
3 0.5676221434200158 0.6526752767527675 0.010773739164696589 0.009609471094710975
3 0.5600805260047281 0.6502729089790898 0.0089268124507486 0.005573493234932377
3 0.5531545508274232 0.6489275830258303 0.008618991331757312 0.005189114391143911
3 0.5502302501970056 0.6474861623616236 0.011697202521670651 0.0073031980319803475
3 0.5421499458234831 0.6483510147601476 0.006310332939322256 0.005573493234932377
3 0.481355274822695 0.6404712484624847 0.006002511820330969 0.005189114391143911
3 0.43264258274231676 0.6408556273062731 0.009542454688731307 0.005573493234932377
3 0.42009887214342007 0.6409517220172202 0.006925975177304964 0.004612546125461255
3 0.4027839342001576 0.6428736162361623 0.015083234830575278 0.006918819188191882
3 0.32705993892829005 0.6393181119311193 0.025241331757289227 0.020948646986469838
