3 0.05223308414797776 0.7089857385060336 0.10414669989138074 0.09474419068515005
3 0.12714842502076543 0.6566271068116086 0.07443613826592547 0.03829659918220803
3 0.18249632611334737 0.6537349157275357 0.04201009520158457 0.03251221701406204
3 0.22490575682065042 0.6508427246434626 0.03929461376269885 0.02592998902962
1 0.2570123314804166 0.6404707290316145 0.008306178518944482 0.012366610152588024
3 0.2702702702702703 0.6486486486486486 0.03194684045747876 0.021541837039992004
3 0.2981438885694205 0.6627106811608656 0.045204779247332454 0.03690036900369004
3 0.292815865510901 0.6296842968429683 0.00958760178618335 0.002132021320213137
1 0.3098240084055687 0.6347683476834768 0.004465458366167578 0.012628126281262794
1 0.3185054907343858 0.6320676109986907 0.003813009990086133 0.006546839661945009
1 0.31493079386867995 0.632737174145935 0.0038130099900862 0.009076300440423726
1 0.34013240677190576 0.6341506963456731 0.006315297796080261 0.011010593976907481
1 0.34507740410279875 0.6334811331984288 0.0030980706169450208 0.00877871681942633
1 0.34692433081674673 0.6348946553981669 0.004170479676656722 0.010415426734912518
1 0.35091607565011823 0.6342994881561719 0.002144818119423471 0.00922509225092251
1 0.3549078204834897 0.6351922390191644 0.006553610920460564 0.00922509225092251
3 0.3665851635781286 0.6508153791215332 0.02633360024403261 0.02440185692179498
3 0.3708747998169755 0.6395815974288775 0.012988065278731043 0.008183549577431198
3 0.38279045603599476 0.6402511605761219 0.010843247159307573 0.011010593976907481
3 0.3836841302524213 0.6299101297464588 0.026214443681842458 0.009373884061421292
3 0.40066394036452374 0.6438965599333413 0.015132883398154514 0.015623140102368819
3 0.40983899565316856 0.6407719319128675 0.00846011591550373 0.010564218545411216
3 0.41454567985968127 0.6331091536721819 0.011200716845878094 0.01755743363885249
3 0.43164464653397394 0.6319188191881919 0.010843247159307573 0.016962266396857526
3 0.4382578357355296 0.6371265325556481 0.0023831312438038414 0.007142006903939972
3 0.4476116258674598 0.6383912629448875 0.013941317776252526 0.009373884061421292
3 0.47055520212373253 0.6391977541037869 0.005497828357798629 0.005148888698189311
3 0.4806181915286319 0.6386460874575522 0.00677410994085908 0.006987777518971209
3 0.48567423010767885 0.6373588652830049 0.005105126332241671 0.009807407044170146
3 0.5110035107561085 0.6412818281006729 0.003534318230013433 0.005148888698189311
1 0.5075673680324843 0.6410366429245686 0.001963510127785196 0.006129629402606351
1 0.5175321819309944 0.6420173836289857 0.004025195761959766 0.010542962572482904
1 0.5295095937104843 0.6420786799230118 0.0026507386725100747 0.008458888575596726
3 0.5514518193884844 0.652008679555234 0.010995656715597326 0.016549999387037072
3 0.54006346064733 0.6518860869671819 0.01727888912451007 0.020472962204705146
3 0.5611221067678267 0.657770531193684 0.012271938298657777 0.021453702909122102
3 0.5764374857645516 0.6673940493557758 0.03544135780652357 0.04143629476161869
3 0.8337273443656423 0.7231242312423124 0.12529550827423167 0.0789667896678966
3 0.9301709063556259 0.8327849104937332 0.13906717074028477 0.19199475465829036
