3 0.4844946555939464 0.6265966505818905 0.005935422602089237 0.004573122654303452
3 0.4819058010547373 0.6299870691014603 0.005303994665696812 0.005676979846721576
3 0.4729395243579641 0.6299870691014603 0.006061708189367776 0.006307755385246159
3 0.46397324766119097 0.6262024158703126 0.009345133458608641 0.011669347462705402
1 0.4903669354023964 0.628725518024411 0.002525711745569901 0.00504620430819691
1 0.4945343597825868 0.6283312833128332 0.002273140571012891 0.004888510423565785
1 0.49996464003556207 0.6332197937363989 0.0030308540946838544 0.00898855142397578
1 0.5061526338122083 0.6366102122559687 0.003788567618354818 0.009461633077869238
1 0.5487740195187004 0.6550603967578138 0.006693136125760268 0.02933106254139463
1 0.567022286880443 0.6480430188917274 0.01591198399709037 0.019711735578894184
1 0.5707477117051586 0.6564796417194941 0.007450849649431232 0.02901567477213238
3 0.564244003960316 0.6342448039865014 0.017174839869875353 0.00599236761598391
3 0.5883014083368693 0.6365313653136532 0.014522842537026914 0.008673163654713531
3 0.6322487927097857 0.6373986816791245 0.015027984886140867 0.010723184154918486
3 0.6229668020448162 0.6508815088150882 0.03333939504152267 0.015611694578484188
1 0.6138110969671254 0.6488314883148832 0.008461134347659138 0.014980919039959606
3 0.6577666527603949 0.6394616887345345 0.017035182867473325 0.015194269589754662
3 0.6175253789459046 0.6376166702843499 0.005736337088026724 0.0071630128065986835
3 0.4749860937282715 0.7121771217712177 0.09230287859824778 0.10549164315172567
3 0.39094006396884995 0.682548296071196 0.06848838826310666 0.06359887128283052
3 0.3760409345515727 0.6334563345633456 0.01623964389921836 0.012300123001230068
3 0.3799011777735182 0.6283035803331005 0.009051604796285624 0.006981150892590023
3 0.3373719464144996 0.6293839965426681 0.02249590015547462 0.009806854825305017
3 0.32213064127957747 0.620740666866128 0.030615722105083832 0.013131212393204974
3 0.31267970097757325 0.6240650244340281 0.015440972887781457 0.0038230112030849983
3 0.3090191255084872 0.6222366277716831 0.016106532063978888 0.005817625743825005
3 0.10142886942010847 0.623507705665292 0.02138089278264498 0.018016062513566373
3 0.09682241691002641 0.6220968092033862 0.036503963287442646 0.014760147601476014
3 0.060280544238217396 0.6170016487398916 0.035366681756450885 0.017468791709193687
3 0.0823512028925045 0.6475200781419579 0.08126477541371159 0.03662904276101584
3 0.01075879639193004 0.6145881847167987 0.020369987835387546 0.00895640024361415
3 0.6551696268008325 0.6561642539502319 0.05455537370430991 0.02113098054057464
1 0.8506597159079429 0.7395843189201123 0.03839081853266247 0.11164727031885703
1 0.8727596936816796 0.7381650739584319 0.025004546281142067 0.11448576024221777
1 0.9830070113758057 0.7323304002270793 0.03333939504152267 0.11921657678115244
3 0.7391183423724099 0.6642066420664207 0.031984424975664096 0.014760147601476014
