3 0.2051242981678487 0.7682772140221402 0.22786458333333334 0.1775830258302583
3 0.16326832151300236 0.6482933579335793 0.05614657210401891 0.029981549815498155
3 0.29590760973739694 0.648831488314883 0.022629011990714158 0.018117748745055073
3 0.34566980544374165 0.6390724211296166 0.01566393521180759 0.006910508294272169
3 0.3943777978974901 0.6441208029101568 0.03908673272638867 0.01687995603360287
3 0.4305186170212766 0.6330719557195572 0.018099881796690306 0.0253690036900369
3 0.44123079196217496 0.6376845018450185 0.006279550827423168 0.009686346863468635
3 0.44381648936170215 0.6328413284132841 0.00775709219858156 0.011992619926199263
3 0.4748448581560284 0.639760147601476 0.012928486997635933 0.01014760147601476
1 0.5175088652482269 0.6446033210332104 0.00591016548463357 0.018911439114391145
1 0.510121158392435 0.6443726937269373 0.006648936170212766 0.02029520295202952
1 0.49386820330969267 0.6439114391143912 0.006648936170212766 0.01937269372693727
3 0.4628398345153664 0.6344557195571956 0.008126477541371158 0.012453874538745387
3 0.45175827423167847 0.6337638376383764 0.004432624113475178 0.00922509225092251
3 0.5491342027718956 0.6462909445445165 0.040348783794382274 0.02044166768681907
3 0.6028368794326241 0.6459870848708487 0.025118203309692673 0.017066420664206643
1 0.8804299645390071 0.7020295202952029 0.04543439716312057 0.11808118081180811
1 0.7201167257683215 0.7686808118081181 0.06094858156028369 0.17481549815498154
3 0.5374556737588653 0.6392988929889298 0.025856973995271867 0.02029520295202952
1 0.48627204395077744 0.6440249556844231 0.007562770999294115 0.015914377153250232
1 0.4864720271345259 0.6401822504199167 0.004629263729798107 0.012810593073267583
3 0.4893191063403829 0.6335394435025431 0.010116499478201606 0.004820318473455001
3 0.5966738014610354 0.6402712675775406 0.013976742700146953 0.010637944217280006
1 0.3299058137959073 0.6382941217947211 0.003482103868335031 0.006698474628058402
3 0.3350348586830495 0.6385879145415658 0.006211320413786891 0.004465649752038907
