1 0.774984934872294 0.7108747558063816 0.02491540351365124 0.07886549453729833
1 0.7473172484123674 0.7081614933796396 0.024046261530617008 0.08139787280225741
1 0.7163178510174756 0.7012878952318935 0.023466833541927298 0.06258591997684679
1 0.5774324062809669 0.6678799819672404 0.006308876771955615 0.018700639495082667
3 0.5875399805312195 0.654258013168367 0.005214851898206118 0.011938354677664473
3 0.5308688466285906 0.6470626653169186 0.01778279880332226 0.01469483721385885
3 0.5126937802046068 0.6503281846977761 0.013860122596707037 0.015347941090030336
3 0.5002719722169919 0.6496750808216045 0.01046046988430723 0.012735525585344309
3 0.4896807464591309 0.6508180126049048 0.012814075608276281 0.015021389151944592
3 0.47412079750622393 0.6473892172550043 0.01307558735538402 0.014041733337687363
1 0.3797150568003514 0.6410214544623322 0.004707211447938237 0.008490350390229566
3 0.35657126718132176 0.6457564575645757 0.039488273813259665 0.017960356594716363
3 0.31224502604657 0.6393886947719034 0.030335362664490932 0.01240897364725865
3 0.2989079269440783 0.6313881722888025 0.024582104228121907 0.0075106945759723385
3 0.21221678277788236 0.6235509257747444 0.007583840666122699 0.008163798452143824
3 0.22529237013326633 0.6264898932175162 0.01647524006778386 0.010123110080658365
3 0.2391524927299734 0.6281226529079449 0.011245005125630246 0.010776213956829766
3 0.33839620075733795 0.7409463475165724 0.15219983681666982 0.14368285275773107
3 0.09806690516538003 0.62273454592953 0.046026067490951686 0.015021389151944592
3 0.19534927508943703 0.6269797211246448 0.01882884579175298 0.008490350390229566
3 0.3726201966791165 0.6363676062796131 0.013289129492075445 0.007205397497761953
3 0.36623791738358025 0.6326557348413722 0.009267419251052648 0.005458634468001487
3 0.3956138878397471 0.632328216773292 0.006469707779036772 0.005676979846721493
3 0.520225484035072 0.6462235508431033 0.004675763832779684 0.010743145406137614
