3 0.1449468085106383 0.8617372991911737 0.2898936170212766 0.2757873942375787
3 0.30729875588031613 0.7288754705728875 0.15073906917878546 0.14499235901449928
3 0.3922200730711369 0.6970069700697007 0.06566850538481743 0.07529166200752921
3 0.4195322014470951 0.6707294345670729 0.053430283926737834 0.06597338700659733
3 0.23088449506889222 0.6479928435647992 0.03850562361200657 0.039136755003913656
1 0.23342168732239657 0.6282381005628238 0.004775891300713997 0.0041000410004099945
3 0.2773001886477064 0.6735249170673525 0.07880220646178095 0.058891498005889144
3 0.3393867755569883 0.6530247120653024 0.05193781789526477 0.023109322002310917
3 0.3226711560044893 0.6386745685638675 0.024476442916159184 0.016772895001677304
3 0.35147575041192064 0.6403518580640352 0.022386990472096854 0.017891088001789113
3 0.36625116412350456 0.6353199895635321 0.013133701076963525 0.013045585001304552
3 0.3375958163192206 0.6355063550635506 0.011342741839195727 0.011927392001192742
1 0.25521169138190414 0.6301017555630102 0.00656685053848173 0.016027433001602736
1 0.2598383360794708 0.6304744865630475 0.0038804116818301313 0.01528197100152817
3 0.18252859564916302 0.6427746095642775 0.04089356926236357 0.0324275970032428
3 0.20372161329608138 0.6409109545640911 0.02477493612245385 0.02646390100264643
3 0.13178475057907682 0.6336427000633643 0.04029658284977436 0.0208729360020873
3 0.031341786660935594 0.6321517760632152 0.0614896004966927 0.02534570800253462
3 0.0880554958569143 0.6323381415632338 0.0531317907204432 0.025718439002571862
3 0.4089356926236359 0.6328972380632897 0.0077608233636602625 0.010436468001043692
3 0.47311173197698025 0.6466882850646689 0.017312605965088188 0.019382012001938165
3 0.46594789502590916 0.6328972380632897 0.004775891300713997 0.0052182340005218035
3 0.47505193781789523 0.633269969063327 0.004477398094419397 0.006709158000670855
1 0.5281837285383385 0.6522792500652279 0.0044773980944193305 0.017891088001789113
1 0.5811662726556344 0.6576838495657684 0.017312605965088258 0.021245667002124543
1 0.5898225756381784 0.6573111185657311 0.007163836951070996 0.021991129002199107
1 0.6184779234424626 0.6560065600656007 0.00656685053848173 0.01267285400126731
3 0.7426510972610263 0.6615975250661598 0.14745564390954471 0.05441872600544191
3 0.6472825178498938 0.6752022065675203 0.07671275401771863 0.03690036900369004
3 0.6690725219094014 0.6714748965671475 0.048057406213434635 0.02944574900294453
3 0.4810474537037038 0.6327836715867159 0.005386869582348328 0.004035977859778598
3 0.3478378644602049 0.6324953874538746 0.011389381402679297 0.006534440344403416
