3 0.48460085029233957 0.6694750513938705 0.04461899408707919 0.051909959659037185
3 0.38094047402558034 0.686689489272515 0.07236164151057763 0.07254778841494704
3 0.4153027823240589 0.6632131705932445 0.04091653027823237 0.050241271643485595
3 0.479746317512275 0.6406471757025263 0.015684669939989095 0.01589554357082033
3 0.49929532642298596 0.6345444223673006 0.008410620112747803 0.008231620777746265
3 0.48395162756864885 0.628583593528243 0.0050009092562284 0.007663922793074065
3 0.47599563557010366 0.6271643485665626 0.006819421713038672 0.009367016747090496
3 0.3827968721585742 0.6221969912006813 0.02136752136752132 0.02043712744819759
3 0.35426895799236224 0.6365313653136532 0.02204946353882528 0.02015327845586145
3 0.04762229496272049 0.628725518024411 0.0666030187306783 0.024411013340902652
3 0.30346426623022366 0.6365313653136532 0.02545917439534462 0.02015327845586145
1 0.3349472631387525 0.6295770650014193 0.005228223313329743 0.008515469770082322
1 0.5544839321435067 0.6605571550220996 0.01591198399709037 0.037711366124650286
1 0.5908541812797131 0.6535623048538178 0.006169952978463666 0.03020964275576817
1 0.5945886265035202 0.650723814930457 0.004871015509313385 0.023316167227606346
1 0.5129179331306991 0.6365313653136532 0.003247343672875568 0.010745711852722944
1 0.4916694810311832 0.6304691618344754 0.0019700551615445456 0.00527148128624141
1 0.5285376561972306 0.637234229485152 0.002814364516492208 0.008961518186610498
1 0.5253011370032646 0.6341591987348445 0.002814364516492141 0.00527148128624141
1 0.522838568051334 0.6337199086276577 0.002955082742316785 0.005447197329116084
3 0.6824674045418726 0.6565190651906518 0.07768285693817611 0.03158895225315894
