3 0.3472222222222222 0.6537515375153751 0.08215130023640661 0.02091020910209105
3 0.4002167060677699 0.6537515375153751 0.0644208037825059 0.040098400984009866
3 0.6469554150711109 0.6558952170991359 0.03181670556424145 0.024639543520035872
3 0.6570455486106727 0.6440592595836937 0.014556193923578278 0.013796577134910866
1 0.6519448341256853 0.6417521592798345 0.004140363182916462 0.006386602327561763
3 0.7228371989010286 0.6437119776603171 0.03681873362724426 0.030816794654432957
3 0.8101930528176196 0.6577225516664112 0.01803261353937729 0.016033387170932403
3 0.8373250157810701 0.660246131257124 0.020267844986570638 0.011205347655570769
3 0.7972959263665623 0.6455885105014899 0.007608665578396942 0.006813852273763264
3 0.8102860301488706 0.6439285000511829 0.008353866669164985 0.005751972975476193
3 0.8024490015909124 0.6442769616375409 0.004971601468991968 0.005627886467543896
3 0.8080051534793692 0.6381310227704624 0.005239781655216303 0.004137459888288571
3 0.7979299818314289 0.6389426052908123 0.004265464036374011 0.005134381642906141
1 0.7540108437742631 0.6982053591658554 0.01900013883005427 0.06587367195405264
1 0.8763618397188137 0.6684043030906499 0.010632043728970534 0.02323356566898997
1 0.8653374369954057 0.652569598472265 0.003504680341292072 0.011935429327339103
