1 0.03188870933955771 0.6445887243682563 0.06265523535924829 0.06586015227240881
3 0.0357497078883726 0.60556898672435 0.031079318496779976 0.008694914535352186
3 0.07200891280128258 0.6088560885608856 0.02071954566451998 0.008058701276667982
3 0.21853720878543575 0.6467814678146782 0.07135135681234972 0.039265777273157325
1 0.36913277161504116 0.6465449269877315 0.010860560505950568 0.019869429463525393
3 0.3330782364470308 0.6557700192386541 0.0710987856377927 0.03611189958053425
3 0.4890447802103676 0.6422803358468367 0.005053619762222889 0.004920049200491977
3 0.47658203994929244 0.6425477298251243 0.007880220646178115 0.008663564896518542
3 0.47182821118991325 0.649072142895342 0.01584609586459729 0.013583614097010518
3 0.43917278790949 0.659374450887366 0.060772683778002864 0.041732560182744675
3 0.39955181245074867 0.6725531541029697 0.08196836654283467 0.044368300825865466
3 0.42607045801020743 0.7224023174811187 0.10315172002386162 0.10363141014587708
3 0.525619282557303 0.6465586394994385 0.013961695275293808 0.006203540296272511
3 0.5215935176619728 0.6784320017113215 0.08436975365745028 0.06310497887587574
3 0.5574792851625588 0.6500949910489204 0.009143201554197943 0.005388915275291286
3 0.5943809032286708 0.6573636158896801 0.00880975371535751 0.01160715832510441
3 0.5899066582315009 0.6567572717980701 0.006104396275208328 0.010221228972853092
3 0.5849231837790649 0.6561502272704668 0.007089012508522735 0.009747267283993563
3 0.5789094709207113 0.6550064152932635 0.004460502252553613 0.009448881550810091
3 0.5752853128405115 0.6542604509603048 0.005655279641630523 0.008354800529137363
3 0.5692317740691888 0.6518236341393063 0.006133190597261193 0.005470405108363808
3 0.5693512518080965 0.6669418446206026 0.03202003402725999 0.02794879700818573
3 0.6031820600378519 0.6566899002323356 0.01557522243101431 0.01314115705259615
3 0.6147161436759545 0.658109145194016 0.013217891468482575 0.010512925642076986
3 0.6399282628189451 0.6618526530092887 0.016507703595010997 0.010815625397633312
1 0.6545868650175863 0.6618666186661868 0.005477714351611591 0.009000090000899961
3 0.6278312664262979 0.7152281020016904 0.1168826023218036 0.10657816075367457
1 0.6849800089333378 0.6707534817283658 0.00653658855443339 0.023296546329518563
1 0.7963587614599551 0.6844568445684457 0.01773049645390071 0.021780217802178013
1 0.7786465008972057 0.6826568265682657 0.020412619746123985 0.023266497725218226
3 0.7404321778841132 0.6862134886409105 0.08521081963788966 0.039864254064227396
3 0.780700913679637 0.8182906153385858 0.31866973356335054 0.20045876134437024
3 0.8689835679931056 0.6969261810844709 0.013829204951728697 0.015996219075491255
3 0.9129458826817592 0.6908367113227781 0.08137395334754102 0.036536818570156074
3 0.9893333158648638 0.7083462090778543 0.020742351721808938 0.026112009888571916
3 0.9639683704247166 0.6984712704269899 0.07132958343523284 0.0358097177030884
