3 0.1579122340425532 0.6695879458794588 0.3158244680851064 0.23831488314883145
3 0.3517326116710215 0.6421149737813168 0.02457384596242385 0.019324140609827185
3 0.4914134128883498 0.6413215904115898 0.009607433877177845 0.009495164289085038
3 0.5060640454151621 0.6417788058477599 0.010438351975347818 0.009729948045749157
3 0.49693192879988873 0.6410836167185201 0.005456280226826775 0.006330945662397748
3 0.5072196961031038 0.6369777407451493 0.006732345763745893 0.005951672419949963
3 0.5013228457645136 0.6377077193590729 0.004958192520665757 0.005572203373040504
3 0.5653724405978282 0.6554818938019888 0.019934286973594575 0.019951216461317187
3 0.5341441019201406 0.6398211114280719 0.007995672756642674 0.009386128774005935
3 0.5344283582706612 0.6357540522941001 0.010006877966827876 0.013492980716770651
3 0.5224586288416075 0.637380073800738 0.004609929078014157 0.0051660516605166054
3 0.5170300323964626 0.6368535113922567 0.006254143369982647 0.005349577305296877
3 0.5110677083333334 0.635637684501845 0.005032875295508274 0.0059386531365313655
3 0.5043555349984582 0.6305952189956682 0.005353410765066637 0.0068987646398202965
3 0.49771730564977557 0.6320391464784212 0.004154246753691711 0.005508315952724809
3 0.5370034247214847 0.6313577353783016 0.02520923666431381 0.011600589939548643
3 0.6269817024471279 0.6696606662012566 0.033194763912849076 0.030729530268275677
3 0.9163535932152954 0.7717312208087116 0.16670179702094587 0.12886228162980928
1 0.5880181148739646 0.64521513185792 0.003395816354251582 0.012179828399750956
1 0.41092094929416884 0.6419606354579566 0.003986620900258741 0.015494421386035115
1 0.45143039285998887 0.6421078817529748 0.004914070178234643 0.016169824619594514
1 0.44574128870310353 0.6385474450770997 0.0037835496479994646 0.014336567206731654
1 0.46282876302007847 0.638667967061142 0.0033818385606895042 0.011261148033823732
1 0.5623329010774378 0.6420081130833881 0.0028016585818804677 0.006913613154190183
1 0.5591310055552887 0.6398840512107153 0.002534833955034661 0.006497130434058231
1 0.9403150543117168 0.694112823481176 0.015258270368825239 0.02508260376721418
3 0.9887359545270454 0.6805376280854442 0.021937074397445796 0.0167845224268976
3 0.8927646388441506 0.6668528836682788 0.04261912162225809 0.013231208009291234
3 0.8171804507737371 0.6609723467752605 0.04803481111016922 0.007350671116272917
3 0.7883360176316011 0.6516369944575939 0.038145291175722656 0.006615604004645575
