1 0.9298320697807125 0.8296220893243416 0.11718431564359667 0.21885736098740308
1 0.601376321295617 0.685625821775459 0.026154180592918592 0.05556262459176315
3 0.6000176625635172 0.648513381685541 0.02955082742316778 0.018662255588073114
1 0.5692780087497622 0.6457564575645757 0.004755305562348878 0.013148407346142452
1 0.5481874280970972 0.6474165554306542 0.01296999856518712 0.020007623752934207
1 0.5237629412244232 0.6516944479789625 0.010869269856797377 0.025024388174916243
3 0.47892720306513414 0.654663443186156 0.024455857177794065 0.02756924120965348
3 0.41184342816771286 0.6697204903083513 0.049251379038613034 0.04920049200492002
3 0.433178480853383 0.6559682882135213 0.027640484014817564 0.03429067894895949
3 0.4801160294557213 0.646604741909488 0.02343686312871928 0.013996691691054835
3 0.49149479633705606 0.6366374008567672 0.007472623026548188 0.009331127794036557
3 0.4777383766745468 0.6323959791322051 0.005774299611423594 0.007634559104211706
1 0.5030433955599032 0.6376977562879077 0.002717317464199311 0.010603554311405217
1 0.48538083204260757 0.63409254782203 0.002717317464199378 0.008482843449124174
3 0.47042368690825864 0.6305130040098995 0.006137762456953465 0.009703940658998171
3 0.3860289122578191 0.6338804767358018 0.011888263905872094 0.009755269966492749
1 0.3590255699573381 0.632183908045977 0.003396646830249189 0.007210416931755514
1 0.37532947474253414 0.6290028417525554 0.003396646830249189 0.007634559104211706
3 0.19929607542715883 0.6431898536491997 0.0550256786500367 0.023741086217228258
3 0.1705769910098597 0.6325699861773153 0.03655314550398922 0.017465957152940165
3 0.09753568729179853 0.6113198953206312 0.019125068776689624 0.011289746106334243
3 0.06794164595583035 0.6219446809852713 0.027277686852154943 0.011353959693443069
3 0.3407756245200343 0.6362375725668085 0.01750463025703572 0.010341504688932215
3 0.42029934799957835 0.6315368886172938 0.012422640827573782 0.005640820739417518
1 0.37877058411712783 0.6296818332990197 0.0021560689536216913 0.007918534120963529
