1 0.9528602738376676 0.7159055965559656 0.024317868400315162 0.07649138991389909
3 0.8772901891252955 0.7401214637146373 0.16499211977935388 0.09340405904059049
3 0.7572399527186762 0.7053351783517836 0.09419326241134751 0.06226937269372694
3 0.6959835500394012 0.6897678351783518 0.06279550827423168 0.04650984009840101
3 0.663845715339604 0.6782078459082463 0.05134718240195828 0.0447515113449007
3 0.6336661469074327 0.6733663081311664 0.0354190768405345 0.03349820732249879
3 0.6157470281508308 0.667870508492319 0.029760407759502318 0.02826411242835826
3 0.6007620341029124 0.6615895946193504 0.028712506077829766 0.029310931407186415
3 0.5843099777006523 0.6600193661511083 0.01802390892476902 0.022506608044803825
3 0.5610465603675201 0.6532150427887258 0.016347266234092855 0.017272513150663384
3 0.5777081971061148 0.6559629426081496 0.0203292926244488 0.023291722278924943
3 0.5671243901212213 0.6554395331187355 0.009221534798719047 0.018057627384784503
3 0.5563310027999934 0.643793671979273 0.0236825780058012 0.03088115987542848
3 0.5288759787401707 0.655832090235796 0.024520899351139283 0.027217293449530187
3 0.5149388863739249 0.648635209756353 0.012574820180071448 0.015440579937714282
3 0.4861282918247292 0.6452201149918476 0.01597806366485238 0.016948425298206476
3 0.4954917807466051 0.6392130781772934 0.005497828357798629 0.007079721960010282
3 0.5047693661003904 0.6396421522354758 0.009621199626147702 0.004934351669098055
3 0.5388730826323602 0.6467218741954861 0.010136621034691276 0.012228610658199593
3 0.5278774259167629 0.6357804857118339 0.01219830666886578 0.013944906890929393
3 0.41113447688163174 0.6376040504591093 0.009621199626147702 0.007723333047283883
3 0.4004824344383968 0.6380331245172917 0.010995656715597326 0.009010555221831253
3 0.38682376711199074 0.6405003003518408 0.01597806366485238 0.009654166309104938
3 0.36388751443179945 0.6381403930318373 0.015806256528671143 0.01566120312365919
3 0.35890510748254445 0.6408221058954776 0.009621199626147702 0.012872221745473278
3 0.3485966793116718 0.6402857633227496 0.01511902798394633 0.01437398094911182
3 0.3273784979932927 0.6425384021282073 0.015290835120127567 0.01802111044366259
3 0.3158674198691517 0.6446837724191196 0.01803974929902688 0.01673388826911522
3 0.2997175490681181 0.645112846477302 0.01941420638847654 0.018879258560027447
3 0.28038924624773215 0.6350296061100146 0.03401781296387926 0.04119110958551449
3 0.24173264060696026 0.6361022912554707 0.05635274066743638 0.04891444263279837
3 0.38444130233114887 0.6326778457657994 0.010660741538737795 0.007006399177915838
3 0.39444743693329737 0.6345462188799104 0.008977466558937065 0.00747349245644355
3 0.40651090762186903 0.6324442991265355 0.011408863751982534 0.006072212620860416
3 0.4343784600652363 0.6344294455602784 0.011408863751982534 0.004904479424541053
3 0.4946278825995806 0.6351388985587969 0.006272581292653508 0.0052217503307108734
3 0.5112850706989607 0.6389681821346516 0.010314911459030312 0.006962333774281165
3 0.5176970426870066 0.6392292696511871 0.008084660332753471 0.0043514586089257274
3 0.49978533832909583 0.6376627445519738 0.0026484232124537187 0.004003341920211636
