1 0.08682835711992527 0.6853901872352057 0.0445086536497096 0.06514509589540339
1 0.05490616700230568 0.6865290875130974 0.04487347867962524 0.07380073800738007
1 0.7942252446359637 0.6929328786958755 0.02337881916389869 0.06772852538651974
1 0.7635522338929287 0.6946844784903544 0.017393841457940644 0.05768601989817369
3 0.3473262744314588 0.6835663427056806 0.06700962274831017 0.058468894548100434
3 0.4057286589806505 0.6560745702243752 0.026609749812331232 0.040398034312096744
3 0.4280668436915286 0.6535387628757805 0.02030744064625278 0.022734824504643116
1 0.5670131687874986 0.6512848521987025 0.005760811122205988 0.01811714868051208
1 0.5970822446186388 0.650417556807147 0.007154410849819552 0.011005373211626873
3 0.5794554352785036 0.6460154075224962 0.015242005723528676 0.008156923674499925
3 0.5586735168742205 0.6465312684622909 0.03412693980628305 0.018111204734094662
3 0.507990749903788 0.6461587144941217 0.02405299906536922 0.012282244915472366
3 0.49496468839516133 0.643308091848691 0.010317113523728424 0.012533300688457153
3 0.4795516115247247 0.6443183834823424 0.014260847064911878 0.011382203374272551
3 0.47468791563559437 0.6359923365510783 0.009077382714295267 0.01010293909282995
3 0.4455048338027061 0.6439152749115848 0.011611447781660497 0.012197835076063892
3 0.45082770731042004 0.6367087709338631 0.01754580378250591 0.023594947487936477
3 0.46134098245135474 0.6418535339199546 0.007458742498636157 0.008870281010502374
3 0.4372665912906431 0.6411572811380287 0.007023674923767435 0.007380073800738007
3 0.4412228603750598 0.6364181739976909 0.0037165151053676843 0.003282548162905005
3 0.4359200278466692 0.6358522174178797 0.003807161815254767 0.0032825481629049215
3 0.43931927946743243 0.6342675389944082 0.00516686246356006 0.006451905009847607
1 0.3483838113504914 0.6423913295736731 0.0035312309499382463 0.014852978718466489
3 0.3407088002014353 0.6356033974540929 0.00804342048204566 0.009607196663682687
3 0.3494516485514849 0.6356033974540929 0.015037699162085416 0.010917268936002974
3 0.36322163470281316 0.6366405380030131 0.020195979688614727 0.014519967684883991
3 0.3750244799753802 0.6375139195178934 0.01547484157958786 0.012773204655123526
3 0.38040133171066065 0.6376776785519335 0.0101417040860576 0.010698923557282884
