3 0.1741148183967333 0.6283545790003354 0.024513754566946034 0.015514927876551477
3 0.20165081667741241 0.6300318685005032 0.02317053513862027 0.012160348876215966
3 0.23842144852783148 0.6325478027507548 0.016118633139909758 0.011321704126132193
1 0.2924860305179454 0.6285642401878565 0.0060444874274661635 0.023482053002348242
1 0.26159198366645176 0.6325478027507548 0.004701267999140331 0.014676283126467621
3 0.4662211311147481 0.6446210615952314 0.01545735588288782 0.01532784558614813
3 0.5110020003637025 0.6419244961680386 0.00909256228405163 0.00879931876241838
3 0.4969085288234224 0.639795628725518 0.0072740498272412905 0.006812375816065892
3 0.5299827241316604 0.6454726085722395 0.022049463538825215 0.017598637524836844
3 0.6636433897072194 0.6498722679534488 0.0125022731405709 0.01107011070110701
1 0.7174031642116748 0.6664774340051093 0.012274959083469825 0.035197275049673606
1 0.7344517184942716 0.6613681521430599 0.008637934169849147 0.021572523417541824
1 0.7464993635206402 0.6670451319897814 0.01045644662665935 0.03462957706500141
1 0.7367248590652845 0.69103037184218 0.02409529005273683 0.04797047970479705
1 0.5022051907775998 0.639903979684958 0.004448511655100589 0.00456294885529505
1 0.4919577264292432 0.6379200888783081 0.005242888736368492 0.007737174145935019
1 0.44898192633264694 0.6382176724993056 0.008261521645186723 0.006348450581280022
