1 0.8478094981596194 0.7169881825400533 0.04675763832779724 0.0700639917791583
1 0.7961890654457312 0.6963193049652016 0.028428644103300607 0.054883460227007345
1 0.7028608193434479 0.6729646410388155 0.008977466558936999 0.03619972908589847
3 0.7807590447975581 0.6736652809566069 0.034226591255947666 0.0277920500723995
3 0.7684150282790196 0.6720304544817599 0.04058563006852808 0.02592367695828857
3 0.7617754436364724 0.6685272548928021 0.05760541041984622 0.0277920500723995
3 0.7366198342161175 0.6678266149750105 0.038715324535416096 0.021719837451539083
3 0.7305413412335038 0.6661917885001634 0.04900200496753146 0.02452239712270535
3 0.6341270910015859 0.7155869027044701 0.09070981835592658 0.08127423046382354
3 0.6332854535116856 0.6631556821897333 0.0370320495556155 0.024055303844177724
1 0.5792336236047521 0.6572002428885049 0.0067330999192028495 0.01728245130552574
1 0.543043211539037 0.6483254705964782 0.0031795194062902063 0.010743145406137614
3 0.48244531226621173 0.638399738427764 0.005797947152646859 0.005838665981596476
3 0.47823712481671 0.6371152319118127 0.0044887332794684995 0.00560511934233262
3 0.47103644851422927 0.6366481386332851 0.003553580512912643 0.004203839506749486
3 0.4634617111051261 0.6389836050259237 0.0071071610258252186 0.007940585734971261
3 0.4395218002812939 0.6359474987154935 0.005984977705958044 0.005138026063804993
3 0.43129245593560167 0.6374655518707085 0.005236855492713305 0.007239945817179694
3 0.41726516443726247 0.640034564902611 0.007481222132447521 0.004904479424541137
3 0.4033313882155789 0.6391003783455557 0.00991261932549299 0.00910831893129054
3 0.3784563246251908 0.636881685272549 0.013279169285094379 0.016815358026998028
3 0.36835667474638656 0.6457564575645757 0.018141963671185316 0.016815358026998028
3 0.33347547655384985 0.6444719510486244 0.02132148307747552 0.017048904666261886
3 0.38098123709489184 0.6884954925498622 0.078178771284077 0.06959689850063058
