3 0.5025195968645016 0.6773159836861526 0.04028244369789721 0.04408623033598755
3 0.49318775662560654 0.6512429597980189 0.0026440214010202386 0.00398135560302967
3 0.48937725519472436 0.65167993785201 0.006065696155281843 0.00660322392697609
3 0.43623410644687244 0.6437618430238357 0.007028304900645383 0.007380073800738007
3 0.39711179338838914 0.6570459061233969 0.02286712393095381 0.022578897117642553
1 0.2864133876730144 0.6547740324029008 0.00743303021073547 0.031391724960194364
1 0.27553578248657223 0.6561323281944477 0.008641653009229014 0.028675133377100624
1 0.26940202178421735 0.6541326149457815 0.0072517367909614395 0.03025981180057201
1 0.804140697757719 0.693403903736007 0.010148769014017327 0.04522469467118908
3 0.6399045976566032 0.6722722964934567 0.04400328127220355 0.024196963281108236
3 0.6675800558779282 0.6679482878744871 0.005166228570483977 0.01161200423193041
