1 0.10107011719732407 0.6390829865745467 0.007859262612544639 0.02590876972599516
1 0.07796388511644284 0.657140613959331 0.0194909712791107 0.02983434089660041
3 0.979592945843863 0.7070450014844976 0.04008043259694032 0.043262501590533166
3 0.9559692671394799 0.6992619926199262 0.08747044917257683 0.04870848708487085
3 0.9085401891252955 0.6968634686346864 0.07594562647754137 0.040221402214022144
3 0.879580378250591 0.6900369003690037 0.08362884160756501 0.045018450184501846
3 0.7189716312056738 0.6857933579335793 0.06323877068557919 0.03726937269372694
1 0.6744976359338062 0.6822878228782288 0.015070921985815602 0.04428044280442804
1 0.6572104018912529 0.6817343173431735 0.014184397163120567 0.044649446494464944
1 0.6502659574468085 0.6754612546125461 0.007978723404255319 0.027675276752767528
1 0.6402186761229315 0.6763837638376384 0.012115839243498818 0.03099630996309963
1 0.6288416075650118 0.6756457564575645 0.013002364066193853 0.03616236162361624
3 0.4980791962174941 0.6453874538745388 0.01152482269503546 0.008118081180811807
3 0.4803486997635934 0.6564575645756457 0.015070921985815602 0.021402214022140223
3 0.47753316259521933 0.6417076670766708 0.004186367218282067 0.005022550225502246
3 0.4695708563173102 0.6435526855268553 0.006813107433674772 0.005432554325543321
3 0.4696118991331757 0.6504715047150472 0.00902941949041236 0.008815088150881518
3 0.4190930445093996 0.6500595357391274 0.01170703706221344 0.011553470167289534
3 0.38137561461944575 0.648232201171852 0.013123210900384458 0.010256652087287637
3 0.36655299511325623 0.6547752378482251 0.01973202214518239 0.017448097803661754
3 0.3649952038912681 0.6459922426700305 0.014161738381709787 0.007898801032738833
3 0.3640038822045484 0.6399797224809309 0.01671085129041761 0.012614503141836524
3 0.34856758736848464 0.6541268288082243 0.019259964199125363 0.022045907360031994
3 0.3311486491589816 0.6573099277318651 0.026907302925248688 0.022517477570941805
3 0.3060215493726132 0.6531365313653137 0.02443626113838881 0.024411013340902652
3 0.2773231496635752 0.6568265682656826 0.03546099290780142 0.02384331535623045
1 0.7726143696888378 0.697242445397427 0.016173087981598708 0.03814700309165252
1 0.765725832215194 0.6940011967687245 0.01757076225161322 0.04413084671387254
