3 0.1367070988268045 0.6392040555919578 0.06296811824749785 0.030003103769355485
1 0.231711628112503 0.6443770045177086 0.009389982545679522 0.03483118943338971
1 0.2877753474293542 0.645928889195434 0.01104703828903472 0.030347967031072193
3 0.27949006871257814 0.6216160292444045 0.032588762952652395 0.012070214160085569
3 0.334034820264687 0.627995999586164 0.02734141976536092 0.015173983515536097
3 0.32022602240339365 0.622305755767838 0.0074567508450984745 0.006552401972617844
1 0.34963876184794856 0.6283408628478808 0.004418815315613861 0.016553436562403007
3 0.36165241598727377 0.6300651791564644 0.021817900620843524 0.015173983515536097
1 0.363309471730629 0.6433424147325585 0.012427918075164036 0.02034693244128703
3 0.3813989969289233 0.6328240852501983 0.032588762952652395 0.017243163085836503
3 0.4480954905989704 0.6345484015587819 0.03231258699542648 0.015173983515536097
1 0.5214202072424383 0.6474807738731593 0.007180574887872558 0.02310583853502085
1 0.5558041139170589 0.6542056074766354 0.02016084487748836 0.022071248749870646
3 0.6202911999292989 0.6490326585508845 0.02264642849252114 0.02000206917957024
3 0.6546751066039195 0.6445494361485671 0.010770862331808871 0.009656171328068456
3 0.6626842093634695 0.6436872779942753 0.007456750845098408 0.009311308066351665
3 0.6759406553103112 0.6476532055040176 0.02016084487748829 0.02069179570300382
3 0.7295187910121296 0.6476532055040176 0.008009102759550241 0.011035624374935365
1 0.7310377587768719 0.6529985860606269 0.004971167230065695 0.01758802634755321
1 0.7369755418572281 0.6529985860606269 0.005247343187291477 0.01758802634755321
1 0.7506462517399085 0.6547229023692105 0.0055235191445172594 0.01758802634755321
1 0.7634884337509112 0.6638617788047039 0.0069043989306465745 0.025519881367037964
1 0.7708070966173969 0.6550677656309273 0.004971167230065561 0.01758802634755321
1 0.7775734075694306 0.6529985860606269 0.004142639358388079 0.011380487636652073
1 0.7864110382006585 0.6657585267441459 0.007456750845098408 0.02448529158188776
1 0.7946963169174344 0.6655860951132875 0.008009102759550241 0.026209607890471463
1 0.8365369744371532 0.6581715349863778 0.004971167230065561 0.016898299824119712
3 0.7877142434988179 0.8183425584255843 0.2985864854215918 0.19603321033210333
