3 0.04955981301413089 0.766491626454726 0.09821036979985662 0.14893556627873977
3 0.013184215311874886 0.643485665625887 0.02545917439534461 0.09821175134828272
1 0.35551918530641935 0.6484530229917684 0.002273140571012891 0.007663922793074065
1 0.3738179669030733 0.6491626454726085 0.002955082742316785 0.006244677831393692
3 0.3809783597017639 0.6579619642350268 0.018639752682305877 0.018734033494181075
3 0.423940716493908 0.6596650581890434 0.05637388616112019 0.08685779165483958
3 0.47531369339879975 0.6593812091967073 0.01409347154028003 0.0136247516321317
3 0.4797463175122749 0.6534203803576497 0.006592107655937464 0.006244677831393776
3 0.4798599745408256 0.6498722679534488 0.004546281142025782 0.005960828839057635
3 0.5248681578468812 0.709622480840193 0.10501909438079654 0.12546125461254604
1 0.5830605564648118 0.6681805279591257 0.00591016548463357 0.020437127448197506
1 0.6520503727950536 0.6688901504399659 0.010229132569558142 0.022424070394550164
1 0.6627341334788143 0.6676128299744535 0.005682851427532361 0.021004825432869707
1 0.6847835970176396 0.6707351688901504 0.0061374795417349125 0.024411013340902652
1 0.6911483906164757 0.6713028668748225 0.006137479541734778 0.02270791938688622
1 0.7233133296963083 0.680102185637241 0.009092562284051564 0.02952029520295203
1 0.7205855610110928 0.6799602611410729 0.008637934169849011 0.0320749361339768
1 0.7719585379159848 0.6827987510644337 0.009092562284051697 0.033210332103321034
1 0.7829832696853973 0.684217996026114 0.009774504455355592 0.0315072381493046
