3 0.4454134858974142 0.6372138900386617 0.004020040962101606 0.0059005363323322985
3 0.44012395831570156 0.6367295176531717 0.005994797925941005 0.0070454165162177175
3 0.4259718296585618 0.6414589251716484 0.009829188271327017 0.008279677016592164
3 0.39276981811942346 0.6360849898821569 0.020077880729047457 0.03065111296274251
3 0.3728110939525662 0.6444545292227115 0.007089815450316482 0.013019283418640712
3 0.383237293144208 0.6435617783597191 0.016622340425531915 0.019714914891084418
3 0.3473200726441532 0.6360426187043327 0.04647895041723417 0.04313188827252512
3 0.3204112066131229 0.6447789643459348 0.01868943058882472 0.021749224114757715
3 0.26555811130279217 0.6475294482674557 0.03736005509055153 0.02847866316501
1 0.2407105687247531 0.6448145562536706 0.006833074208960742 0.018838026218099997
1 0.18436578171091444 0.6416745583385036 0.01098349337852254 0.01469483721385885
3 0.20371765099688274 0.65906344904157 0.07793050063808868 0.05339124187702051
1 0.06793193167988586 0.6369134697264133 0.009966847119056607 0.011790650450883249
1 0.020245895604800116 0.6416067620883821 0.01554230369661423 0.014300489025651496
3 0.0551138269241781 0.6702715816085496 0.09161779021162073 0.05656354141396087
3 0.36180820755288845 0.6914088371652948 0.08031763350912288 0.06922761535307662
3 0.5073464731431084 0.6391773220057781 0.009163047262997782 0.008152407105466396
3 0.49941471035607604 0.6416444978403272 0.007158630674217003 0.008509968820618434
3 0.48627146443821356 0.6408936182385079 0.006299594993310954 0.00686518493091911
3 0.47473175179137567 0.6422881089276009 0.008762163945241652 0.012228610658199593
1 0.6232733382813789 0.6588432163391401 0.006614574742976599 0.02188277696730453
1 0.6540697674418604 0.6594331931691411 0.005841442630161102 0.027353471209130727
1 0.6510201907746439 0.6581996052518665 0.005240117653526841 0.028104350810949957
1 0.6606843421848371 0.6600231699991419 0.007731321128154301 0.025958980520037728
1 0.802696346134242 0.6592057707024708 0.0058858937577972986 0.02182198413359903
1 0.7994803423284352 0.65916788531335 0.003337362439988127 0.020836964016457404
1 0.8135882835520215 0.6562885957401668 0.00958733210032963 0.027807875614690447
3 0.9094456567860824 0.6679124483552529 0.08094906144551524 0.044942757119878905
