3 0.44617587320613994 0.6353619874226911 0.002913461858622184 0.004937373317395173
3 0.4423779675690075 0.6353619874226912 0.005514767089534863 0.007535990852866268
3 0.43800777478107417 0.6342575749701159 0.0048904538341157855 0.0058468894548100265
3 0.4323369293776846 0.6358167454913985 0.005826923717244368 0.007146198222545617
3 0.41600073252755304 0.6413388077542748 0.004994506043352354 0.010654331895431648
3 0.3448060075093868 0.6446711525938789 0.010290641079126667 0.014760147601476014
3 0.3580517313308302 0.6437594964184936 0.023293005145320518 0.024571304536574832
3 0.37887637324433315 0.6346429346646408 0.03532193019051598 0.036553071413067136
3 0.332464191350299 0.6450618623833296 0.008552357113058006 0.017972650314738457
3 0.29445730338190057 0.6352576078062036 0.07060051237920019 0.06252991400206886
1 0.17045691385152234 0.6406443157630568 0.007443533355961655 0.02463122868004501
1 0.11532668047448691 0.6356333474839173 0.014993340167506985 0.013170928169458716
3 0.1315839940863477 0.6518520937421763 0.07487953025516575 0.043866810349519385
1 0.055148996401198594 0.6438761839847698 0.02409239433226423 0.03478506122640843
3 0.02297273227759966 0.6640802709396957 0.04513585284497555 0.05080119294343629
3 0.19157088122605365 0.7699770963226874 0.2557675063177631 0.17591296602621195
3 0.4774962936250351 0.6409406466946025 0.008164042152502328 0.01213334167239978
3 0.4867872741114717 0.6398774157233097 0.006511199262731878 0.007004815810869986
3 0.4933986456705533 0.6376258677841016 0.011519814080217985 0.009131277753455526
3 0.5019633770084545 0.6408781036962912 0.007512922226229127 0.009006191756832767
1 0.5645105459916001 0.6500788435216239 0.003781993097542068 0.013527467161873412
1 0.6543926396226111 0.66508922492414 0.00801036096436668 0.026477485731577106
1 0.6922141933181677 0.6653206154703057 0.006913778491458077 0.03355844879203512
1 0.6971207457959766 0.6665738355496762 0.0083634417235381 0.03383694214300638
1 0.705874481466613 0.6684188539998608 0.008921004505107227 0.030703891944579807
3 0.9926567159566743 0.6930275185104793 0.009850275807722662 0.027735571473361795
1 0.8430806958117214 0.6655835215068567 0.0083800853886595 0.0244166620770685
1 0.8349946485068745 0.6645738099172036 0.0069098949695964714 0.023131574599328127
1 0.8316132105430295 0.664757393842595 0.0074979711372217634 0.023865910300894088
