3 0.6547750457635382 0.6402525114745311 0.003181217478758558 0.0036852508602907277
3 0.6563273265814867 0.6421669275058509 0.0036794804573595423 0.005216783685346516
3 0.6600068070388461 0.6446795985469582 0.007205649228995457 0.007753384926845381
3 0.6300511298037276 0.6382333590777769 0.008063481591438097 0.005492147944735271
3 0.6320211849652722 0.6456134328785149 0.011270548133487263 0.011441974884865126
3 0.6119908426401457 0.6434590207971046 0.010925880637301573 0.013077716984066365
3 0.5681858640234697 0.6600942515449251 0.03711655131162951 0.038011825901391544
3 0.5209885372588752 0.6783931284690999 0.07847110475395833 0.0705448230952898
1 0.5161461747819696 0.6359111910446835 0.005214851898206052 0.014419051753542744
1 0.29511739027105455 0.6285265233604717 0.015479004840706943 0.03777894921806358
3 0.170091086079822 0.6571521597568917 0.19068975107773606 0.08834382461471676
