1 0.45355840099269384 0.6608672421565844 0.0061508509568584694 0.016363059558197387
1 0.42296804877912464 0.6577948758210986 0.003562865717686937 0.010904364362792584
3 0.3801018488819195 0.6494650373639416 0.0033659233915836096 0.003646770136043076
3 0.38106707691332947 0.6515665659169155 0.0037124155054230434 0.005006582729143833
3 0.3847794924187526 0.6542243814397943 0.007672325377874388 0.008344304548573139
3 0.3893086393353687 0.6575311984275622 0.005444876074620549 0.0085297335385414
3 0.3952980030174514 0.6585510578723878 0.0118797296173539 0.012300123001229984
3 0.36624322949397015 0.658297912093045 0.024463596373103493 0.013405577093745652
3 0.3569291079390729 0.6485590172357419 0.0032169255169524433 0.005044607408099366
3 0.35348774575814707 0.6491662384978281 0.0044887332794684995 0.0060722126208603315
3 0.3516361432803663 0.6509879022840861 0.005124637160726594 0.007099817833621381
3 0.3295658086225857 0.6563948647843025 0.012799870931205003 0.014492902589193018
3 0.18659917638984216 0.7045292227115819 0.10104476473728359 0.07528865611236757
3 0.07458913668859836 0.7724625439025473 0.14846620524651796 0.1756101898368381
