1 0.15070921985815602 0.6788350026357406 0.016886187098953065 0.05086979441222985
1 0.13002364066193853 0.6776489193463363 0.02152988855116514 0.05324196099103846
1 0.24558848362039848 0.6578808645229308 0.006965552178318131 0.03004744333157622
1 0.3096504559270516 0.6570901423299946 0.01857480580884837 0.02899314707432784
1 0.32600894967916244 0.6577490774907748 0.012453562985477869 0.023985239852398525
3 0.4622593718338399 0.6536636794939378 0.01646403242147918 0.016868740115972614
3 0.5247382640999662 0.654322614654718 0.01393110435663633 0.016078017923036324
3 0.6132852077001013 0.6593305218766473 0.033561296859169164 0.014496573537164003
3 0.477152870769892 0.6443372126028952 0.006199474284580678 0.005676979846721493
1 0.5404908330440246 0.6438211235259206 0.0030997371422903726 0.005676979846721493
3 0.48605813154003363 0.6417870951617883 0.0034142390249874994 0.0022052013348818583
