3 0.3807510456446626 0.6741413567981833 0.06501182033096926 0.055066704513199
3 0.3996874624353889 0.6409093751954469 0.018531874824698456 0.013446744636937898
3 0.48232960692390914 0.6371567952967666 0.007512922226229127 0.007817874788917408
3 0.4943502824858757 0.6415348051785602 0.009015506671474965 0.007192444805803955
3 0.505244019713908 0.6373131527925449 0.006260768521857549 0.004378009881793751
3 0.5534519373322114 0.6430983801363437 0.010518091116720803 0.007817874788917408
1 0.6228212525543937 0.6465382450434674 0.005509476299234697 0.012821314653824528
1 0.6275794366310053 0.6477891050096942 0.005509476299234697 0.01532303458627809
1 0.6335897744119887 0.6462255300519106 0.005509476299234697 0.012821314653824528
3 0.7889820491244942 0.6604540621677404 0.07838482189365714 0.03752579898680349
3 0.8522158111952559 0.6615485646381888 0.050086148174860665 0.024079054349865507
3 0.8969176984413191 0.6635812120833073 0.06385983892294754 0.025017199324535604
3 0.9486316464318628 0.6620176371255239 0.04357494891212892 0.028769779223215986
3 0.5710987113521532 0.6443093842703133 0.02303226255041025 0.009044208089139711
3 0.5672600009270847 0.6404203747919832 0.015644555694618287 0.0074162506330945335
