1 0.9584547437095681 0.7255642323865099 0.0279472941521432 0.09010555221831286
1 0.9421903348177469 0.7229897880374152 0.029779903604742742 0.08781715724133986
1 0.7597311561933036 0.7174118252810435 0.02176223724961976 0.09325209531165073
3 0.49818301387258984 0.6377481040997461 0.005952684660782022 0.005840346173245908
3 0.5001672420928506 0.6403143168122329 0.004960570550651674 0.006194306547382017
3 0.5023640661938534 0.6421726087764476 0.005385762312136061 0.006902227295654232
3 0.5050569473499216 0.6448715566292353 0.009070757578334506 0.011061261691753648
3 0.5222063483964601 0.6565964940224942 0.01573209517492386 0.017521038519737724
3 0.4892894195282072 0.6470838089675861 0.021046992193479237 0.01495482580725092
3 0.5547646040408835 0.6726429717828777 0.04526000333957304 0.043484821465314974
1 0.5575658906553473 0.6475397467729325 0.004064611950398576 0.008642093855882852
1 0.4858130662851693 0.6368481066784917 0.0030438620521717878 0.005780529908303324
3 0.47982046286995605 0.6346309171246218 0.007673068923183086 0.010056538333623648
3 0.46907452072625644 0.6360458341425519 0.0036489888113628126 0.005826374053214172
3 0.46698083862137607 0.6366060624168994 0.003050793924254189 0.006199859569445872
3 0.4628532939003263 0.6366807595201457 0.005922129382375771 0.007992590047357943
3 0.4608792507728677 0.6388843240659127 0.005443573472688818 0.008366075563589643
3 0.45740972042763756 0.6410131915084333 0.008075630975966922 0.007992590047357943
3 0.35909639073132915 0.6630114884144792 0.03385783061035022 0.030625812330997825
3 0.26934852536526754 0.6751557679511221 0.08661783513544934 0.06617869457383099
1 0.2674107661899779 0.6392232774786764 0.006200829360927014 0.0068961345351158596
1 0.2535557880866565 0.6446675942169258 0.007169708948571862 0.009073861230415524
1 0.16382344298860707 0.6569620780953572 0.01811449025657464 0.04075718723288924
1 0.13965687649423675 0.6557633372943898 0.018031013342949865 0.04565638876727754
1 0.1017712586861523 0.654031085765403 0.017999140339565862 0.039136755003913656
