3 0.6035819643975673 0.654666162046236 0.02765654361399037 0.01214242911659886
1 0.9581918934755814 0.7046551234743117 0.01730112545715389 0.06859683981455204
1 0.994057000262674 0.7081243889361971 0.01123941726778605 0.0723814930456997
3 0.14289788225958439 0.6771088689907878 0.108077501694523 0.05780197662116479
3 0.49057545346511205 0.6436440929704468 0.005074918484121852 0.005214900091755897
1 0.5074786324786325 0.6476093607089918 0.004798852316582859 0.012694357712807922
3 0.46612912304401666 0.6494904234756633 0.01524447446433258 0.014789433608621793
3 0.4303935026309769 0.6458614870778688 0.010597924825386542 0.010783030031438844
1 0.3794505676898991 0.648767303612315 0.01076614585436098 0.01673470245138889
1 0.37199276873870113 0.6477170084793826 0.009756819680514617 0.01967552882359941
1 0.32923659054104365 0.6546139465189719 0.00824283041974514 0.025347122541434165
1 0.32082553909232414 0.6537036907370971 0.006672767482650783 0.02478696513720358
