3 0.4336994352508537 0.6439114391143912 0.03636393485684269 0.05350553505535055
3 0.41547642500656684 0.6297150471504716 0.010424875229839784 0.0167076670766707
3 0.40759620436038874 0.6338150881508814 0.012559101654846336 0.016297662976629795
3 0.4036971368531652 0.6365826158261582 0.012641187286577373 0.014247642476424755
3 0.39392894667717365 0.6393501435014349 0.017566325190438704 0.017322673226732314
3 0.38822399527186763 0.6534440344403444 0.027827029156816348 0.026855268552685545
1 0.3886344234305227 0.6270500205002051 0.003201339637509828 0.007892578925789267
1 0.38530995534541634 0.6306888068880688 0.004268452850013104 0.014145141451414486
3 0.7111639915391315 0.6865410759370751 0.12235079424329143 0.054379491163332724
3 0.48580941418192164 0.6320878653812715 0.009282982436597212 0.010142771584783848
3 0.49083769633507857 0.6378354359459825 0.013615040907009239 0.013716891095612572
3 0.49919238052801596 0.6419408434922045 0.014233906402782395 0.014972662815633348
3 0.5112602576955925 0.6520353161646799 0.024135754335152765 0.028206564788160988
3 0.4705947081833607 0.6640404241880257 0.04809774313320414 0.040446350409450126
