1 0.9242382912595679 0.7146543493406963 0.023351353138587237 0.05960828839057618
1 0.9048132718345484 0.7083322581477564 0.033683810279555054 0.0676076690836839
1 0.7685281621451834 0.6897530513766676 0.02521119542396142 0.05625370939024075
1 0.7470366512919704 0.6822697597605347 0.0202516159962968 0.05057672954351917
3 0.5157962604771116 0.6377570768714681 0.009505860569690338 0.013160271462854452
3 0.4819058010547373 0.6390472995639048 0.011572351997883874 0.01161200423193041
3 0.485832134768305 0.6318220524862592 0.004546281142025782 0.005418935308234152
3 0.37589292572394195 0.6323018103827248 0.011414940556963798 0.008126074040523725
3 0.33566709098624 0.6496002460024599 0.01761683942535004 0.024481975588986647
3 0.30725283384857854 0.6503098684833002 0.03125568285142752 0.03323398618601578
3 0.28050728168480316 0.6433621588124279 0.03473914063486909 0.025633080758288546
3 0.2648295526320538 0.6308273006394186 0.030904300434915998 0.018591025604912517
1 0.2253005964961721 0.633843258962391 0.006360277425516263 0.014540211627281863
1 0.23156302349975733 0.6358593387258376 0.005773174893930129 0.010752425405048699
3 0.26918651073223426 0.65718090955744 0.04364128818123464 0.03140196964883557
3 0.25108418267499566 0.6467950441093815 0.025832511389789117 0.015028958236602163
3 0.222414009049207 0.6566310696219545 0.040118672991717945 0.03103540969184526
3 0.16355698025769888 0.6728208010556926 0.08659762340895215 0.053639940372913586
3 0.03339243498817967 0.6730627306273063 0.06501182033096926 0.05092250922509225
