1 0.6204633236772884 0.6574502364741958 0.004578297206406213 0.014032534691544132
3 0.6306537271367088 0.6571798964241345 0.010808003669082323 0.011672822316592084
1 0.718792661405787 0.6678447066160802 0.007075550228082524 0.023907281326334393
3 0.6551647354576633 0.6575152019125826 0.023827955915159914 0.011823709786393605
3 0.5837328938168016 0.6836313081440674 0.05098558252588822 0.06483550751000475
3 0.4472684214031233 0.6737565615092771 0.04359787567009626 0.038589470401746276
3 0.5674592751030891 0.6504096786999616 0.008443093549476489 0.007419121810265741
3 0.5691457472320016 0.6435995115346836 0.011745922411007331 0.012808941039050656
3 0.3552342423334332 0.6929213658333767 0.09822528551926218 0.08497479340990592
1 0.16723509659544353 0.6891202669988483 0.04272635557362485 0.06580957529320516
3 0.8753075698364451 0.672339784622336 0.051141023785400745 0.020483470140823815
