1 0.6494414668038185 0.65969972676826 0.006316207388157901 0.02722927992638703
1 0.6420349617117523 0.6609672966958677 0.00969988991752831 0.024318563796324973
1 0.5979810012805359 0.653492081795818 0.005463824862096117 0.019315036900369002
3 0.5967688087632865 0.6530097743725528 0.036656560734845654 0.014788315822089547
3 0.49774674940898345 0.6356771901052344 0.0067720646178093214 0.007175071750717554
3 0.4998672948953682 0.6387522208555418 0.007592920935119487 0.008200082000819989
3 0.5033217318973819 0.6408876588765887 0.006977278697136846 0.008370917042503772
3 0.5067761688993959 0.6443897772311056 0.012518058838980817 0.014350143501435023
3 0.5475811326875156 0.6721467422574433 0.03477290711333265 0.03413859502420388
3 0.47336847352393924 0.6321210393732329 0.01061115306218136 0.015176143410703459
3 0.46294239871284243 0.6331225107658175 0.00530557653109068 0.006856227226155347
3 0.46053638144874315 0.634085464027918 0.003701565021691146 0.007241408530995527
3 0.45516911216729106 0.6343550909413062 0.008020057546997538 0.010091750186812931
3 0.45202278189885353 0.6367046969008312 0.007403130043382358 0.010168786447780968
3 0.44801275312535477 0.6393624479042285 0.010487767561458325 0.010245822708749004
3 0.42411808680540386 0.6565159080748918 0.02578870976354484 0.024322419815573884
1 0.4383777263217169 0.635982027171401 0.00260921063489985 0.008865181054274656
3 0.38362346872985165 0.659789779715979 0.034744609212694295 0.04237951470423792
1 0.31218893865870345 0.6453194795105845 0.008009829538384987 0.023791027383958024
3 0.35028362928157025 0.6422312362081437 0.02390463955323256 0.015565912482946165
1 0.21776510001347396 0.6603827696308051 0.015540979188868048 0.0443569202531403
1 0.1332086909328403 0.666575731905179 0.023111736622788853 0.06418079744999783
1 0.09493548529639205 0.6688622960995965 0.02582245200061863 0.06897265234334585
1 0.09824959678310244 0.6636031313584163 0.018365701155520203 0.06673104114218713
1 0.01030675200369025 0.6675006750067501 0.0206135040073805 0.06130861308613081
