3 0.14587789410484445 0.8024365957945295 0.2908176667041915 0.23077373630879172
3 0.34517881394296057 0.6467378503572269 0.09085307580101602 0.042396168642537514
1 0.7017873773192923 0.6560438331656043 0.006984741027294182 0.019903835401990404
1 0.6371337488358765 0.6797495247679749 0.037789239916899524 0.054791457005479154
3 0.8099578711280838 0.6672343646513388 0.06357216463599455 0.025735641971804366
1 0.8584067626620817 0.6731521860673151 0.01182033096926714 0.01654925640165489
3 0.5804311774461028 0.6629215545886801 0.07821413029415566 0.03708395292908151
1 0.5913105865471695 0.6426355308329202 0.00529268550862702 0.013034458702796032
1 0.5465432882866988 0.6441042022360521 0.005439704550533377 0.011932955150447044
3 0.47134304835162244 0.6318958711975179 0.00735095209531534 0.006609021314093751
3 0.47413641014784225 0.6309779515705605 0.0038224950895639925 0.006609021314093751
1 0.20097503028592262 0.6333645426006498 0.0067628759276901484 0.019092728240715204
1 0.20920891340513087 0.6383080497471642 0.006457403029507047 0.01845018450184502
1 0.17062866649155065 0.6337980046467131 0.01904386656159706 0.023370233702336995
1 0.15645521407932753 0.6335930025966926 0.011273093424393662 0.024326909935766004
