3 0.9392015557080758 0.7440661825973098 0.11820330969267126 0.07499107249137
1 0.646191869596125 0.6774959357985189 0.011572351997883808 0.03173947823394323
1 0.6989907255864702 0.6795602921064176 0.00929921142687105 0.019869429463525393
1 0.5740713187521699 0.662529352566253 0.007026070855858093 0.01883725130957603
3 0.5264386913323084 0.6457564575645757 0.00847261485559357 0.006967202539158279
3 0.4885185736249566 0.648336902949449 0.010332457140967753 0.013676360539829135
1 0.7091165335846188 0.6987846102237246 0.01260559771198071 0.032513611849405245
1 0.701987138157351 0.697107320723557 0.013638843426077478 0.03896472531158876
3 0.46754548257785994 0.6464516819081234 0.009336348374276226 0.009626183218353963
3 0.47187103847603384 0.6398737900422482 0.003940110323089091 0.004171346061286715
3 0.45533970603350804 0.6372533290550297 0.004282728612053336 0.005347879565752127
3 0.407832361714505 0.6386565174552269 0.008818833314767379 0.007824423793976153
3 0.3812626850014823 0.6484260984088941 0.006366255425569895 0.014712687319799219
3 0.37347114851048624 0.6488413758735658 0.012447454638054653 0.018153557741365185
3 0.3608811657658891 0.650383835028061 0.013492660752700444 0.01649244788267822
3 0.3464383176362379 0.6500278829154851 0.01653326035894279 0.014831338023991168
3 0.31486134679255684 0.6490956013854617 0.02021421630480503 0.015733592918751278
3 0.28651903651903654 0.6586586844889428 0.030377423994445263 0.02606249838722165
3 0.23802584280579037 0.6599100237577719 0.05181514945432168 0.039596286373822676
3 0.1738283966068697 0.6684574198683163 0.07648449450702266 0.04648722957817814
3 0.20939078941269176 0.6578756964040229 0.031144254392064148 0.03219738079733738
3 0.0655223843649821 0.661501902977145 0.10814674538635773 0.05602673827785393
