1 0.01057010365521004 0.6576781152426909 0.020685579196217493 0.03973885892705087
3 0.3105110020003637 0.6599489071813794 0.01773049645390071 0.024411013340902652
3 0.3289234406255682 0.6643485665625887 0.04228041462084016 0.03377803008799323
3 0.3465402800509183 0.65483962531933 0.023867975995635556 0.020437127448197506
3 0.3721131114748136 0.6572523417541868 0.019549008910710982 0.02242407039455008
3 0.4015502818694308 0.6564007947771785 0.015684669939989095 0.016179392563156387
3 0.4944080741953082 0.6701674709054783 0.03818876159301693 0.04768663071246099
3 0.49247590470994723 0.6417825716718705 0.023867975995635556 0.011353959693443069
3 0.523958901618476 0.661793925631564 0.01909438079650843 0.02242407039455008
3 0.5751045644662666 0.6869145614533068 0.05046372067648662 0.04995742265114954
1 0.6114748136024732 0.6714447913709906 0.00772867794144391 0.021288674425205763
1 0.5364611747590471 0.6562588702810105 0.002727768685215509 0.007947771785410207
1 0.676259319876341 0.6870564859494748 0.010911074740861903 0.04229349985807547
1 0.6822831423895254 0.6881918819188192 0.006137479541734778 0.04059040590405904
1 0.692966903073286 0.6874822594379789 0.01159301691216593 0.041441952881067216
1 0.7106973995271868 0.6906045983536758 0.012956901254773584 0.039738858927050785
1 0.7419530823786142 0.6942946352540448 0.01182033096926714 0.04428044280442804
