1 0.08269294786077398 0.6487067257307417 0.015304366469755195 0.031175968084263195
1 0.11393642411008986 0.6497635382081745 0.019677042603970952 0.030295291019736
1 0.12966395278638207 0.6494993350888162 0.01459909612552684 0.03188050973588493
3 0.3734673638658492 0.6496341234598786 0.027897984533397466 0.022265307398836694
3 0.42258190090385994 0.6467375136873152 0.009732004914662442 0.006455982227060713
3 0.4162459602042099 0.6426867013095517 0.007197628634802496 0.006202806453450487
3 0.47569893856707807 0.6446931598451523 0.006591379862798427 0.006891744477743604
3 0.478016959715 0.6437676970152839 0.004919881620079205 0.007482465432978787
3 0.4824637757946869 0.6445159435585817 0.004478353782379784 0.004962056023975402
3 0.4907038457147471 0.6448002642570595 0.004524861678459168 0.005606769848617159
1 0.5914901194156513 0.6670845554609393 0.009281990664969372 0.02404831740625099
1 0.6287075343665179 0.6613878638786387 0.006840469310918518 0.012812628126281329
1 0.7462939466892228 0.7501100240360201 0.041072939033118656 0.1142557297132604
3 0.8562352245862884 0.6799277367773678 0.05183707643814022 0.02682964329643302
1 0.747482604041215 0.6745341038316043 0.007573561116315049 0.022047390285223633
1 0.6983573815928914 0.6631632523221783 0.006969919295671286 0.020918691945540118
1 0.6930178527757397 0.66285786995801 0.00485041167359572 0.020002544853034755
1 0.6866389500285318 0.6632395979132205 0.006929159533708286 0.02015523603511894
1 0.7330265359789625 0.667316223724035 0.005378914654554043 0.026618018989178652
1 0.7304034850054454 0.6615945934740246 0.008632825988790654 0.03043243915585218
