1 0.9390782828282828 0.7078161690707816 0.014439608854502508 0.06625293525662528
3 0.6141870836019773 0.6969137873196913 0.07119062970126802 0.09308956725930895
1 0.5791654353821908 0.6550776445264453 0.005540780141843972 0.019795510455104606
3 0.6440387362096139 0.6586331488314884 0.031551664696611414 0.01845018450184502
1 0.589631353427896 0.6473900676506765 0.003693853427895981 0.009801660516605167
3 0.6237225423561861 0.649504151291513 0.015852787628053495 0.007111008610086073
1 0.6116405634357763 0.6472939729397295 0.0030782111899132726 0.007687576875768814
3 0.49774674940898345 0.6421048585485856 0.009542454688731307 0.007687576875768814
3 0.49774674940898345 0.6348016605166051 0.010158096926713949 0.010762607626076288
1 0.44025323098062763 0.6385368201508101 0.0022315270136488486 0.00810625955229803
3 0.48443749789923035 0.6383239187842117 0.004201539444052279 0.004197198370087961
