3 0.33835697399527187 0.695004257734885 0.10115475541007458 0.08260005676979845
3 0.31073831605746494 0.6446210615952312 0.0691034733587925 0.026114107294919083
3 0.254591743953446 0.6379506102753335 0.054555373704309885 0.02639795628725514
3 0.13454317897371715 0.6356631213370958 0.08274231678486996 0.03451269806815714
3 0.4975633902586817 0.6549482462333648 0.06358228571916255 0.02837465197756667
3 0.46443872630599725 0.6343000253107224 0.006507582934343831 0.006261073441059263
3 0.4667323825861348 0.6330344891896572 0.0036271773732408368 0.005861430455459789
1 0.5303680091490215 0.6479544939853731 0.008214489933515938 0.01811714868051208
1 0.6143264971708017 0.6697350367005476 0.017389115054066276 0.0390317982602209
1 0.6674006366763107 0.654615210412032 0.0055474477473094995 0.014920004795715787
1 0.7463196459087081 0.6672705716226837 0.009921396932688112 0.01891643465171111
