1 0.051713947990543734 0.6547670127864069 0.023022156248281928 0.039474813352784695
1 0.12364386900507633 0.6538373523270116 0.011110194806384822 0.0341828999685346
1 0.016837099345758427 0.6544094510712548 0.03367419869151685 0.03761549243399411
3 0.12148673496191226 0.8707462074620747 0.24297346992382451 0.2565942326089928
3 0.2964985834616774 0.6578752114598894 0.039850043415156654 0.032844296271380906
3 0.3238707305788476 0.655105210569532 0.01838013930878001 0.016620005342144556
3 0.37351547811842667 0.6527660749048436 0.016753224995811646 0.015762559200395092
3 0.3788090318497422 0.6467733968678269 0.010121740101636214 0.007990237382688732
3 0.4763438613597056 0.6488063243971228 0.006964515792039568 0.0068848478992155305
3 0.4900310694787834 0.648564750786624 0.0036757166680208776 0.0036236041574818625
3 0.49445643888830854 0.6489573079036846 0.004110998905023363 0.004408718391602895
3 0.48400966520024913 0.6478098332538154 0.006529233555037082 0.0035632107548572195
1 0.5463655729613177 0.6596447832610194 0.004383913958382013 0.010542962572482904
1 0.5573659496531836 0.6615709014232999 0.004952199101135236 0.015611694578484188
1 0.5959263677913264 0.6736730624342713 0.007139966647792453 0.023208450242426005
1 0.6245124485651845 0.6716424846868115 0.00655030935324617 0.024166488516270606
1 0.641111527948979 0.672525490997983 0.008187886691557913 0.027047877531672013
1 0.6297973572479173 0.6708989004247725 0.0066991800203655295 0.02844209802299532
1 0.7548198418521236 0.6797938669041863 0.008559550012227858 0.024812317088688064
1 0.7167349392679546 0.6688509988548161 0.008610499714681676 0.02303091996437201
1 0.704456060976604 0.668246596259066 0.0068782098312544695 0.022076600076345577
1 0.6988770685579196 0.6684692708996056 0.006623461318985925 0.02137676549179284
3 0.8836902109518059 0.6857539798419567 0.05555839016729883 0.02769739927615106
1 0.5969267139479906 0.6714797582758435 0.007023674923767435 0.015187977966736248
