2 0.5930481678486997 0.7020295202952029 0.07276891252955082 0.06457564575645756
2 0.4921349336242953 0.7065001419244962 0.07228587015821056 0.0823162077774624
2 0.5249119631599686 0.6447955104551046 0.029396916863672205 0.0388222632226322
2 0.5032105742710796 0.6385493542435424 0.01339021867612293 0.01941113161131614
2 0.49492433323344326 0.6404292916168598 0.004058036160223771 0.004677511563848072
2 0.48779675690074253 0.643027909152331 0.008324176738920478 0.009614884881243246
2 0.48399885126361003 0.6521230705264799 0.019041554290280698 0.019749493269580608
2 0.899658523771999 0.6781467814678147 0.0676385605463619 0.030340303403034095
2 0.8464670344102968 0.6722017220172202 0.0091935907538745 0.023370233702336995
2 0.9700879957972155 0.6810168101681017 0.03513265038087741 0.036080360803608054
2 0.38810086682427114 0.6366543665436655 0.006698187549251402 0.005412054120541234
2 0.35500394011032316 0.642189421894219 0.02048857368006302 0.010086100861008583
2 0.21873552157952883 0.6455710285746074 0.054943749480261816 0.01687403808711454
2 0.10469011725293133 0.6586437723673719 0.08850398564928662 0.05674127093029719
2 0.1308997707212184 0.6710675146952475 0.10290815781032824 0.05970813476978997
2 0.0376438932249902 0.6951732833911254 0.0746937999691127 0.09197277902427262
