2 0.3710375456007976 0.6543626139136791 0.015483500630669401 0.004597809556370323
2 0.38548251875014167 0.6555415394409535 0.014917031095401033 0.004833594661825228
2 0.4566216512209307 0.668391827688245 0.019920845323605135 0.02275326267639671
2 0.42631553108407166 0.6591962085755042 0.03521552277585179 0.03642879879278031
2 0.4377393333786509 0.6706907324664301 0.02879553470947667 0.022399585018214437
2 0.4916955566129654 0.6642066420664207 0.009441158921139902 0.009195619112740645
2 0.4773449950528328 0.6671539558846068 0.013406445668018609 0.012496610589109072
2 0.49745466355486073 0.6624972000518727 0.004342933103724329 0.006248305294554578
2 0.5671776221874788 0.6644424271718755 0.005759106941895347 0.005658842530917314
2 0.5796399519633835 0.6591962085755042 0.007458515547700517 0.012614503141836524
2 0.5551401445630254 0.6574278202845927 0.004342933103724396 0.0031830989236409737
2 0.5371075310236483 0.6567204649682279 0.0039652867468787725 0.00389045424000569
2 0.5434803132954177 0.6581941218773211 0.005192637406626913 0.0025936361600037094
2 0.5434803132954177 0.664560319724603 0.006703222834009337 0.009667189323650457
2 0.541379723849659 0.6683245093320498 0.004368383184294331 0.011230547088079525
2 0.532385993764347 0.660249211187764 0.005567547195669257 0.003636558104711443
2 0.5354695583650255 0.6691266912669126 0.010021584952204784 0.013904486870955714
2 0.5349128036454586 0.6716936734584736 0.007880220646178049 0.014118402053585706
2 0.5221074450954192 0.662602278196695 0.008308493507383422 0.003850473287341602
2 0.5255336279850618 0.6657575271404887 0.011563367252543956 0.007593988983368083
2 0.51092952341796 0.6677897213754745 0.011306403535820771 0.011016631905449534
2 0.5231352999623119 0.6705706187496657 0.018758351320793513 0.013583614097010518
2 0.5069608615707907 0.7156211562115622 0.13028631468347782 0.08413284132841337
2 0.6094236295181921 0.6701082162336774 0.006964841480207907 0.00708188900070818
2 0.6203186315479459 0.6735870389006919 0.00885529845340715 0.00882130033421542
0 0.6368850044972977 0.6757613030675761 0.0037809139463986204 0.010933442667759986
0 0.6656398500370132 0.6811659025681166 0.004178904888124664 0.014536509001453686
0 0.6297211675462266 0.6761961559009529 0.006765846009344885 0.013045585001304552
0 0.6261889979384069 0.6767552524010089 0.0034824207401039533 0.011430417334476365
2 0.7308606156123887 0.6732143079006547 0.00805931656995493 0.0038515536670518055
2 0.7134982607795847 0.6963857517363052 0.0861650388837151 0.0474610806714127
2 0.798270331367258 0.6794264912346093 0.017710596906814435 0.006584914333991886
2 0.9835351147407885 0.7306770037397343 0.032237266279819446 0.04323679600432365
2 0.8185579196217494 0.6812259959334287 0.011217252858590248 0.005422095037276929
2 0.8324890239783856 0.6834852021989607 0.013991412167704005 0.004217185028993111
