0 0.5675635108259222 0.654322614654718 0.006332320162107367 0.024746676038188947
0 0.5721954857593156 0.6562994201370584 0.005745994221171496 0.022257365430797222
2 0.8214825375935267 0.6726709019667517 0.06793643830274676 0.03747099326663372
2 0.6257551878119254 0.7211152111521115 0.1025742054110849 0.09216892168921699
2 0.5316203670978534 0.650905346262765 0.024740227610093965 0.01679518456314127
0 0.522212742257535 0.6429357526657973 0.0038512356541471828 0.0066587132036733995
0 0.5151768309663046 0.6483921982076963 0.005924977929457198 0.017756568543129066
2 0.5052895240465229 0.6483921982076962 0.01666400042659841 0.01701671152049863
2 0.5109923153036254 0.6368319322290967 0.019182116046617702 0.01572196173089552
2 0.499475639453243 0.6329014417963729 0.008591217997712914 0.013039980023860418
2 0.49169910592083044 0.6333176113716024 0.007554346860057941 0.011837712362086016
2 0.4870331858013829 0.633964986266404 0.002073742275310016 0.0036992851131518326
2 0.41920170024112297 0.6362322974850697 0.008032519174876077 0.006257419182670708
2 0.41157449166681404 0.6370144748829035 0.010022225759478363 0.0063494400530039975
2 0.372996291776469 0.6413854662237396 0.005379577062072942 0.012514838365341247
2 0.35774187462785123 0.6440080610282413 0.027634813675032302 0.024201488897681957
2 0.08945549388426353 0.6396398203112466 0.046253469010175755 0.020656184822717805
2 0.11193981909754343 0.6630033691641264 0.08222838935142357 0.036499278036258666
0 0.2516096174165546 0.6437987209454088 0.01083213609723839 0.018509509853941036
2 0.272276192865233 0.6457564575645757 0.04342356312664855 0.022662284500658537
2 0.2686310930991782 0.6720260059743455 0.1491613193740853 0.03813038130381309
