2 0.9918838549157699 0.674149098134338 0.01564127361999697 0.011111397827264943
2 0.9525492238258196 0.6802054034526359 0.03575030170774846 0.030965344618481203
2 0.9172122204037098 0.6629164193739839 0.0324439154226388 0.006709158000670939
2 0.8984071484071484 0.6678192656052434 0.025004546281142067 0.01187004877041775
2 0.8665831804129677 0.662529352566253 0.018805071996561454 0.006451113462183598
2 0.8695795929838483 0.6813666038758289 0.03967663542131618 0.03380383454184195
2 0.8273198432772902 0.6626583748354966 0.013432194283258125 0.01238613784739243
2 0.8285270780685307 0.703863935191076 0.06946142767859571 0.05641090893667554
2 0.7448846498736448 0.6514823768927344 0.007812287709573094 0.003817279552105811
2 0.711682427107959 0.6557237986172965 0.029380995081655394 0.013996691691054835
2 0.5817182277655499 0.6468698307672732 0.014520665199315245 0.008588878992238222
2 0.6014612374663733 0.6567311362768801 0.02496535420233149 0.03085634304618905
2 0.5692355506643841 0.6397124316070747 0.008916197929404105 0.009861305509606797
2 0.5502535099921705 0.6404171758759388 0.0036107120324128193 0.005101980280253018
2 0.5561446717292651 0.6378068603837164 0.008171611441776338 0.015068639432374985
2 0.5557645967784848 0.6441546730579846 0.007601499015605864 0.007593645068283467
2 0.5449799700500939 0.6429681660160653 0.006556292900960075 0.006169836617980317
2 0.521795398052496 0.6395866209465954 0.004845955622448722 0.004390076055101401
2 0.5068774562343694 0.6399425730591711 0.010357042408763006 0.01127181689823325
2 0.5081126998244054 0.6376288843274285 0.010927154834933414 0.010441261968889767
2 0.5149540489384506 0.6414850322136663 0.0035156932947177292 0.00866150140601085
2 0.47865689113893267 0.6315183730615441 0.017768503948978758 0.027408312668335703
2 0.49490509528479015 0.6417816589741461 0.024799890538414148 0.01661109858687017
2 0.4666370208205058 0.6395866209465954 0.007601499015605864 0.008898802814394667
2 0.45732518452638865 0.6374509082711406 0.01083213609723839 0.012695625348536485
2 0.44468769241294387 0.6381628124962921 0.015583072981992022 0.014594036615607268
2 0.4229759108496195 0.6408324533406106 0.0173884289981984 0.018272208445557134
2 0.40919819388383394 0.650265184323869 0.03316153945558067 0.03191703942762897
0 0.3635416904213511 0.6333574589765191 0.007791536490996045 0.013288878869496068
2 0.37636922001018597 0.6424342378472017 0.025845096653060007 0.02076387323358767
0 0.3351785972193717 0.6357304730603577 0.015868129195077227 0.01874681126232485
0 0.2974561583544275 0.6333574589765191 0.01016700493337286 0.013526180277879968
2 0.2912799404042477 0.6684187420652342 0.07287937181212134 0.05683368730793414
2 0.1549280518118173 0.6439766970016967 0.04532393788055005 0.038798780270760905
2 0.0642801760507172 0.6127715617992193 0.08922259469567398 0.027645614076719602
0 0.09444862526890303 0.6433241181286411 0.01102217357262852 0.038680129566569035
0 0.018528653850539326 0.6547739110831623 0.01786352268667381 0.05018924787318619
2 0.9347659170354206 0.7460497681899896 0.1293164413731789 0.10123947393320079
