2 0.3877977814148027 0.6481691739994323 0.049554464448081516 0.02072097644053365
2 0.4414438988907074 0.6507238149304571 0.03409710856519363 0.02015327845586145
2 0.48076923076923067 0.6549815498154982 0.02636843062374979 0.015611694578484272
2 0.4974768139661757 0.6573942662503548 0.03705219130751048 0.01589554357082033
2 0.5212311329332606 0.6596650581890434 0.002273140571012891 0.008515469770082239
2 0.5466903073286052 0.6562588702810105 0.051827605019094405 0.06812375816065849
2 0.5848790689216221 0.6616520011353959 0.02636843062374979 0.016463241555492447
0 0.4941347218481611 0.6645569620253164 0.011969955411916087 0.031061703022093476
0 0.42716944482088803 0.6577432016358381 0.006587764075228543 0.024678590734951926
0 0.4215227898992637 0.6618563000916633 0.00959931336676156 0.028204103697087927
