2 0.902658895138719 0.7475505789540654 0.1742479823917828 0.10476311659668318
2 0.7929472025216705 0.70789328582941 0.11514632754544711 0.07719387538702978
2 0.7177114752316512 0.6885948169826526 0.07540555963153182 0.058107477626500384
0 0.6496087062851553 0.6839292530856342 0.03023015678921766 0.05132120286720115
2 0.6803004586692529 0.6806068060680607 0.032076539168737685 0.04163118554262461
2 0.6468347780404518 0.6701990096824045 0.03940110323089051 0.03216955246475546
2 0.6307965084560829 0.6511180496420349 0.054302802529752836 0.060869839467625426
2 0.5504788749469601 0.6631027848740026 0.03460225091430765 0.038792695619263864
2 0.5756097068153806 0.6506449679881414 0.026772544503040938 0.018923266155738475
2 0.5972045422400032 0.6467026208723625 0.021973692186458147 0.016715551770902313
2 0.5002172112101191 0.6695682341438799 0.049251379038613104 0.06181600277541234
2 0.5216857610474632 0.6448102942567887 0.010860560505950568 0.014823225155328482
2 0.5368400315208827 0.6433910492951084 0.013386272251520469 0.011984735231967735
0 0.33377280717706254 0.6407102532563789 0.01389141460063449 0.02113098054057464
2 0.38731789618314444 0.6361371306020753 0.019447980440888246 0.013246286309016983
2 0.41282758481340043 0.6391333144100673 0.0174274110444323 0.013561674078279233
2 0.2924774201369946 0.6432333554104772 0.03535996443797861 0.021761756079099224
0 0.2798488614091451 0.6279370486012553 0.004546281142025815 0.008830857539344655
0 0.2989179850881979 0.6299870691014603 0.0037885676183548513 0.006623143154508492
2 0.33516194863712595 0.6321947834862964 0.02929825624861084 0.01734632730942698
2 0.29917055626275485 0.6351909672942884 0.03561253561253563 0.015769388463115482
2 0.257117455699016 0.6332986406787146 0.0591016548463357 0.033431103541804626
2 0.2524448889697117 0.6381871511022803 0.02702511567759795 0.02365408269467314
2 0.2675991594431311 0.6279370486012553 0.020963407488230206 0.006938530923770825
2 0.24322604109838153 0.6457564575645757 0.03030854094683881 0.02554640931024697
2 0.22049463538825242 0.6479641719494119 0.028793113899496885 0.027438735925820797
2 0.16556040492210705 0.6517488251805595 0.062385080115576565 0.03437726684959154
2 0.18020953304641246 0.6344024978711327 0.032581681517851735 0.01923865392500081
2 0.09130447960235195 0.6517488251805595 0.08713705522216161 0.05645441069795318
2 0.017553696631710816 0.6424448859873214 0.03409710856519368 0.039738858927050785
2 0.5281952090462729 0.6418857894872655 0.004959579427664489 0.009031558847057003
2 0.5208591644761857 0.6363378319097878 0.007646018284316154 0.004644801692772214
2 0.5135231199060987 0.6376280546022244 0.007439369141496801 0.006193068923696258
2 0.5087414883514175 0.6372409877944935 0.00441999555474731 0.005361592077459159
2 0.5024272089874927 0.6367679061406 0.005430280252975284 0.0041000410004099945
2 0.4967443575599605 0.637319834736809 0.005682851427532294 0.004573122654303452
2 0.48834636600594045 0.6366890591982843 0.007577135236709703 0.006150061500615034
2 0.48247408619749044 0.6347967325827105 0.005682851427532294 0.005203898192828119
2 0.4337909923016307 0.635821742832813 0.006061708189367776 0.005676979846721576
2 0.4252667151603322 0.635269814236604 0.005682851427532227 0.0064654492698772836
2 0.43012871027055427 0.6340871101018702 0.005051423491139802 0.005361592077459159
2 0.41724758036814774 0.6328255590248211 0.010607989331393624 0.011984735231967735
2 0.4022827382756461 0.6326678651401899 0.014522842537026981 0.013877061847541566
0 0.444083267664828 0.6331409467940833 0.003914853205633357 0.00283848992336083
2 0.449955547473278 0.6329832529094522 0.005051423491139802 0.0028384899233607464
2 0.45456497140894303 0.6320370896016653 0.00441999555474731 0.0034692654618854123
2 0.5909221368741455 0.64186600332457 0.0226587814107357 0.009313511665468099
2 0.5489089796750731 0.6421607347063887 0.011140567526945071 0.005187272320007503
2 0.5499947129510041 0.6399797224809308 0.012179095008270469 0.006719875505464305
0 0.4973602519656493 0.6367376772809262 0.002077054962650792 0.005187272320007587
2 0.3780240032024411 0.6362071607936527 0.0077417503153347335 0.010256652087287637
2 0.4442065272396317 0.6326703842118294 0.007175280780066299 0.004597809556370323
2 0.3588112447979215 0.634438772502741 0.014444973149344072 0.012142932930926798
2 0.3506446423311354 0.6333187932518303 0.014728207916978289 0.015561816960022594
2 0.3096001278783137 0.6315741093353995 0.02061196503537687 0.012737849798426768
2 0.28635908567005713 0.6251395254166066 0.014512505994295962 0.00617194784047484
2 0.2110097338953249 0.6294073616892752 0.00999049325694286 0.008666990584496626
