2 0.9884469440303564 0.7953557242578796 0.02126906687145204 0.08132183232660349
2 0.8938654740931472 0.7428255811220532 0.17956362650765686 0.10318001269184669
2 0.776415051723359 0.7101558276729264 0.10540422520365603 0.06745481467553527
2 0.7133607384318862 0.6920581944672949 0.0685127463823764 0.05194255764213695
2 0.6708226046889822 0.6774860742237995 0.05571366189336103 0.048182010482525156
2 0.7608867506888919 0.6690248431146731 0.028045052777401373 0.01574729123087411
2 0.7174075077923837 0.6637365736714692 0.043479242896508105 0.013631983453592428
2 0.6953855535980484 0.6566855477471972 0.025033503485868292 0.012691846663689521
2 0.5791585731279456 0.6796013820010811 0.06060742949210224 0.06181399393611775
2 0.5864051136106969 0.6522198979951582 0.038585475297766895 0.02162314616776742
2 0.5451845326828386 0.6697299457071003 0.03444459502190899 0.039250710978447345
2 0.48777687431299027 0.6751357322490422 0.05326677809399039 0.062284062331069166
2 0.5077845821333509 0.6390998803369368 0.01005868374782506 0.010211384307141302
2 0.5156337052596709 0.6411732907137988 0.009222869705319908 0.011751709873786615
2 0.5219391365888182 0.6425834958986533 0.011293309843248826 0.012691846663689605
2 0.5248565749649907 0.643641149787294 0.00809353872099495 0.011986744071262405
2 0.5420788724759452 0.6472841798481679 0.012799084489015369 0.015042188638446911
2 0.5558190661185647 0.646226525959527 0.021457288702172832 0.01010647049145651
2 0.5358675520621584 0.6465790772557407 0.009787535197482352 0.015042188638446911
2 0.46123759618135546 0.6293040637412743 0.0065877640752284765 0.006815991726796214
2 0.45295583562963965 0.6294215808400122 0.006211320413786891 0.006110889134369097
0 0.40834726174880664 0.6445812865771969 0.028045052777401373 0.02514865912990342
2 0.4073120416798422 0.6330646109008861 0.011669753504690478 0.01151667567631091
2 0.3983715047206035 0.6295390979387501 0.009222869705319908 0.009166333701553604
2 0.40006550119709083 0.6236632430018568 0.009599313366761493 0.01151667567631091
2 0.3393059307363868 0.6326155679293509 0.016823904658390527 0.015789342077706884
2 0.3308939784071915 0.6345923331844784 0.01204619716613213 0.014572120243495417
2 0.3240238815858818 0.6355324699743813 0.011857975335411271 0.015512257033398407
2 0.3153656773727244 0.636590123863022 0.01298730631973616 0.01715749641572843
0 0.19048049268946413 0.6511622441065175 0.02333950700938099 0.03972077937339884
2 0.1578240050594028 0.6491644534279738 0.049878785141015805 0.03807553999106865
2 0.10832166357982864 0.6521023808964205 0.06757163722877234 0.042071121348156146
2 0.04056180452033548 0.6584483042282653 0.07999427805634608 0.05053235245728255
2 0.3481427352170334 0.6322577602772833 0.008213808261391696 0.011553470167289534
2 0.3538074305697173 0.6317861900663735 0.007080869190854894 0.011081899956379806
2 0.35663977824605925 0.6307251570918265 0.009913216867196931 0.01178925527274444
2 0.36480638071284527 0.630843049644554 0.0077417503153347335 0.009902974429105363
2 0.3692909312003867 0.629782016670007 0.005570283763472536 0.009902974429105363
2 0.381186791441023 0.6280725746554591 0.006892046012432149 0.009077726560013193
2 0.3863322230530442 0.6279546821027316 0.0039652867468787725 0.007663015927283844
2 0.37505003814228205 0.6298999092227344 0.0067032228340092705 0.008959834007285741
2 0.46604652756364134 0.627252794267073 0.0018844005893034843 0.003957430878656639
2 0.46737417343337784 0.6281619337932509 0.002141364306026668 0.003850473287341518
2 0.4713999383287079 0.6286967217498262 0.0047110014732586435 0.005133964383122052
2 0.47418371192654263 0.6293384672977165 0.004625346901017582 0.005133964383122136
2 0.47705314009661837 0.6298732552542917 0.0055675471956693244 0.005133964383122052
2 0.47782403124678796 0.6309963099630996 0.0031692191729194045 0.005240921974437173
2 0.4806506321307431 0.6314241403283598 0.0031692191729194717 0.005668752339697323
2 0.48626100661253296 0.6321728434675651 0.00736629321273168 0.006524413070217623
2 0.49110048994415323 0.6339911225199208 0.006938020351526374 0.008877480079148617
2 0.5060043855140987 0.6362372319375367 0.01327645869736525 0.009733140809669
2 0.44802606932010486 0.6283648902062791 0.003875518350579392 0.004536930615207846
2 0.44580572026508547 0.6251386284354646 0.002825898797297454 0.003125441090476442
2 0.4511749279799506 0.6227189321073539 0.003875518350579392 0.004133647893856029
2 0.4972098521084172 0.6347078005663777 0.00824674253669801 0.009654166309104938
2 0.4137974874924405 0.6294516433536429 0.004295178404530242 0.0047198146400067986
2 0.4134538732200781 0.6273062730627307 0.014603606575402687 0.008152407105466396
2 0.4272843476826654 0.6254827083154552 0.005497828357798629 0.005363425727280484
2 0.42204423002913843 0.6250536342572729 0.004638792676892648 0.005363425727280484
