2 0.2214723302575053 0.6527000753878506 0.05338213986120643 0.034916478197039996
2 0.48676779616495924 0.7175071750717508 0.08372734436564222 0.0973759737597377
2 0.5560995260106087 0.6541095261698885 0.07953730167131247 0.08591727708321859
2 0.507950789786293 0.640891483541701 0.023817084788821892 0.0323107708689027
2 0.49508662361949113 0.6425437388702244 0.005145666466720731 0.009546364120357602
2 0.4856905514764993 0.6499391190385455 0.015631420047519502 0.017009489994144315
2 0.48334583846937135 0.6423173803526447 0.00885780469359436 0.006785206391106766
2 0.4838668858042886 0.6375305566657681 0.005880391351209657 0.0026025449171367646
2 0.7652222798823735 0.6832868328683288 0.07193103845932079 0.06804068040680403
2 0.7208239635587846 0.6678066780667807 0.06270541428818538 0.03024030240302405
2 0.8281237262574387 0.6743065275480341 0.061012268688350926 0.03356024939559736
2 0.06832318964505475 0.6375127581063046 0.06874235031772379 0.021983198555389834
2 0.012843244226222949 0.6380925347715015 0.025231860338243314 0.026114107294919083
2 0.9448488241881298 0.6901016378584838 0.031624569698477795 0.023305496212856856
