0 0.5502805947725414 0.6490326585508845 0.010218510417357104 0.01172535089836878
2 0.6524656989461125 0.6554126288926441 0.020713196791940128 0.007931855019484754
2 0.5892214047413888 0.6980032417146601 0.07318662866485497 0.06759319929647893
0 0.3540575771635624 0.6392040555919577 0.006075871058969093 0.006552401972617844
2 0.3454961224895605 0.6581715349863779 0.08064337950995337 0.040349001620857354
0 0.2910894589160646 0.6473083422423008 0.00938998254567949 0.031037693554505606
2 0.29150372285190335 0.6521364279063352 0.018503789134133163 0.024140428320171055
2 0.17338495681960725 0.632577754348972 0.21771119795435903 0.12500941335943974
2 0.049452405075505385 0.6378492356352135 0.04342162396873644 0.028616612696739166
0 0.7447607181649734 0.6929623350287556 0.011980065171554493 0.06681958711479005
0 0.8098524055970864 0.7277018716133107 0.02555747236598306 0.10039559855058004
0 0.7165410090942005 0.6888068880688807 0.015707196558260403 0.059173564708620056
0 0.6991033586778267 0.6675309996343206 0.015440972887781389 0.019946145407400067
2 0.6796690307328606 0.6996110501645556 0.06229633889208358 0.06349522954689
2 0.7374395672268013 0.6937934244207307 0.011713841501075616 0.04454639140986003
2 0.8878209116171042 0.7381692237975012 0.22240885902700008 0.1136142940376772
2 0.9539214466426112 0.7164821648216482 0.08865248226950341 0.07995079950799519
2 0.8077226162332545 0.6904253253058845 0.11975861639915386 0.09386935974622906
2 0.7448623035129195 0.6674435165404284 0.10031728256812242 0.09063248527222112
2 0.33895051625548084 0.6420506512757436 0.02576225980481303 0.011827041347336526
2 0.36881705764684486 0.6381871511022803 0.03422339415247217 0.010092408616393904
2 0.4271656191739222 0.6408064080640806 0.024025062945664904 0.009000090000899961
