0 0.551405864896132 0.7427180654785271 0.06727528796338213 0.12090759205464403
2 0.6139655952919872 0.6518410928790138 0.013832302198078539 0.01845018450184502
2 0.5616229062924399 0.6710763916149799 0.03929631306272321 0.04671429693020336
2 0.49293295105879986 0.6575331710763915 0.03835320154921782 0.032189683598963674
0 0.46212464161762484 0.6443825076548638 0.010059856144057132 0.016094841799481837
2 0.31261664800298616 0.6282773354049329 0.019052507154410828 0.005826374053214256
2 0.30221553440338433 0.6300980772965624 0.010303906930446645 0.004612546125461255
2 0.2751920803782506 0.6296125461254612 0.022357533905686195 0.014808700718586098
2 0.239614439467463 0.630704991260439 0.017302787109618026 0.01116721693532726
0 0.2603194599975115 0.6447853952223733 0.009720666915515722 0.025733152068362776
2 0.23212952594251587 0.6439357156729462 0.0291620007465472 0.029860167022722862
2 0.21463232549458752 0.6296125461254612 0.026440214010202825 0.009953389007574259
2 0.21958986562150057 0.6245144688288988 0.022746360582306842 0.010438920178675511
2 0.18576194475550578 0.6353175373859001 0.015358653726514848 0.02281996504175569
2 0.19344127161876323 0.6293697805399107 0.007776533532412611 0.009953389007574259
2 0.2017038384969516 0.6282773354049329 0.00641564016424039 0.010196154593124927
2 0.08614523165411518 0.895638528550234 0.1716811678974434 0.2079849355194583
