2 0.06121652249358813 0.6872631718443168 0.12103694290419197 0.24368983847318784
2 0.12324433319427061 0.6930757542869547 0.013558614935335835 0.04210983286303447
2 0.1336740369906828 0.6561753852832646 0.026769573077457944 0.03690036900369004
2 0.1726115978306216 0.6737573258085522 0.08726185509664858 0.06425005426524857
2 0.18530107078292313 0.6396787497286738 0.03893756083993881 0.008248317777295386
2 0.22232651926018634 0.6585630562187975 0.031636768182450266 0.02952029520295203
2 0.2393617021276596 0.645973518558715 0.02607425949103046 0.010418927718688957
2 0.2598734529272702 0.6414152376817887 0.022597691558893036 0.009116561753852847
2 0.24970449172576833 0.6690827622561939 0.06838905775075989 0.04770690564048495
2 0.2755614657210402 0.6537954665260938 0.041160081053698054 0.022930943595150226
2 0.30734037843896284 0.6475941253436438 0.014716547521497968 0.01440731538789493
0 0.3093418289018865 0.6478881521882947 0.006710745669803021 0.017053556989753145
2 0.2853832895368879 0.7059584540068508 0.0981888050634342 0.08320959703620939
2 0.3330900653081083 0.6505758988988307 0.02448274356431321 0.021809189068143935
2 0.339873500626883 0.6450749204061962 0.012007460219440234 0.013533380716392866
2 0.3479824348010504 0.6459025012413713 0.0054579364633818885 0.010125694924495393
2 0.35055546199093046 0.6449288767294005 0.009200521466843801 0.010904594534071967
2 0.35694904470517785 0.6451722828573933 0.00608170063062554 0.009833607570904136
2 0.36789253405639555 0.6430874297261916 0.010280023776371805 0.00953224227994286
2 0.37782162739266373 0.6571836686108796 0.028597574925646366 0.02916319485775502
0 0.3877354533668878 0.6430038090703487 0.0033363837413253913 0.008481133198428763
0 0.3834756062685884 0.6405859421497441 0.002442709524898951 0.00513331746220691
0 0.3801446205594428 0.6408653012704624 0.002677423961159506 0.004210109215186148
2 0.3925297878265403 0.6433056811771124 0.007406222411821515 0.006473748948015812
2 0.3975289879545198 0.643259440113198 0.005554666808866136 0.006566231075844606
2 0.40463896146986844 0.6429819937297117 0.00910965356654047 0.009710623422023676
2 0.4528955697070422 0.6472119245554404 0.008570425586765651 0.009160880471913734
2 0.463184317475496 0.6454247688544301 0.0059765718383934935 0.005555785894937621
2 0.49560319507128014 0.6580565805658055 0.017999140339565897 0.017443810801744373
2 0.492110824557633 0.6486078497148607 0.012626262626262633 0.01174102650117408
2 0.4812760223704174 0.6499215178718951 0.011081560283687944 0.012598446879991154
2 0.7569558101472995 0.7465228498438831 0.1534369885433716 0.10644337212602899
2 0.6654730450099662 0.7096688613944963 0.08131306107943571 0.06246533053565826
2 0.6925130178154791 0.6803656271856836 0.11376102844605131 0.033765043532788294
2 0.6634450470495526 0.6628801582133468 0.07880220646178102 0.02001784723729593
2 0.5815367476307035 0.6791463932338438 0.04877194083558227 0.04653365117721975
2 0.5848601260835303 0.6587155157265858 0.04749240121580549 0.021525215252152494
2 0.5647033614949186 0.6555328501492185 0.015658406562873827 0.00911483218417842
2 0.5700546810432643 0.6517565175651756 0.044326241134751775 0.014700147001470069
2 0.5434397163120568 0.6661570901423299 0.025751435325903467 0.02751713231418032
2 0.5244504977627262 0.663759751784369 0.016155815684638464 0.022089148227122362
2 0.5241017167328852 0.6484128977415429 0.016090502890101863 0.008790402040146103
