2 0.23288552970351767 0.6488794286606563 0.06811827702222432 0.025723419817717096
2 0.2910049365513217 0.6350209597813862 0.044289023467971964 0.04573043211540428
2 0.3181242810430876 0.6437771274264467 0.017945617419816463 0.02092434717450625
2 0.3271850604622684 0.6376927977912873 0.010204602275626294 0.008163211128514185
2 0.34050336125460895 0.6461740543331359 0.03477998618529224 0.028624360317677264
2 0.3615112025605852 0.6461740543331359 0.013559330278531744 0.020879838428013886
2 0.35242097889852025 0.6334563345633456 0.015079434569846987 0.005466721333879993
2 0.36366975065425283 0.636910998739617 0.009728667464417369 0.008427862056398337
2 0.38047458260224215 0.650167624337366 0.03219258538407473 0.026390284692867708
2 0.39252755703665726 0.6451266319892114 0.020649975789683542 0.027490033936483943
2 0.3959207796593815 0.6270455954167077 0.01359245280217923 0.011180174596094522
2 0.44105136368996484 0.6502265735246426 0.08051021153057844 0.042159328956710006
2 0.5090960594233916 0.7595143998777267 0.127820442877726 0.14083276927443839
2 0.49055636378331413 0.6854953164916265 0.07034107211412174 0.05330053300533002
2 0.49842014531919465 0.6344793622017458 0.006058776995852592 0.006495035936819725
2 0.5029232949996703 0.634803957601329 0.004061767115933446 0.00529248320371651
0 0.512272284800445 0.6350481151870342 0.002781254345709939 0.00694595181245936
0 0.5232338951533808 0.6392081906430576 0.006307011128685722 0.01619368711672734
2 0.5337263025095472 0.6343137950610276 0.009021526641207502 0.018272778881634952
2 0.5359635239278224 0.6401797068818146 0.004591230249362225 0.008860258094106328
2 0.5500447255766404 0.6353844619527276 0.023480927736246927 0.040091752268873994
0 0.5619620527669348 0.6520495437512515 0.01534810416552129 0.02011880583922114
0 0.5791630143172098 0.6514780878145859 0.00883204505007036 0.02711555205439692
2 0.7601704097714737 0.7857011070110701 0.20920344102968227 0.2059655596555965
2 0.6404470234257468 0.7266018114726601 0.10387563579052947 0.09437548920943763
2 0.6096522053968862 0.6861474020145606 0.06389368091495752 0.05717895016788005
2 0.6059491474271917 0.6529206249509304 0.030493938936673234 0.016683677475072652
2 0.5846505457471958 0.6517429535997488 0.018076304008852705 0.018646463060375318
2 0.5736475780896333 0.6471304074742875 0.013675116945827686 0.021983198555389834
2 0.9717963426505354 0.7047090176784121 0.05581629815046589 0.05109856980922749
2 0.9758533042846769 0.6803656271856836 0.04538852578068266 0.017364879531148233
2 0.9454333348784746 0.6824156476858886 0.037855961927718305 0.021464920531558313
2 0.9734962307860282 0.6620415240296982 0.05241652187948015 0.020566398435068727
2 0.8730586228566299 0.729132607781774 0.15560942035490927 0.09295156242701658
2 0.7535460992907801 0.6905640484976278 0.09476644656395197 0.04071764855579585
2 0.8152589263878699 0.6801915001908639 0.08011840710850253 0.043739661534546385
2 0.8756271193692972 0.672722111836503 0.07394392563353774 0.034729759062296466
2 0.8803214047245231 0.654699867609363 0.02233230469384438 0.00549280301963329
2 0.9279507048419579 0.6683750170835041 0.04957972156553719 0.024190241902418978
2 0.7834190065768708 0.6547050484128819 0.056444495977222495 0.038911288295444185
2 0.7319538469804426 0.6617745722911774 0.04466204599183332 0.02868165045286809
2 0.6896610371277447 0.6632774960843134 0.0426609067356045 0.03212190395285245
2 0.6908333453703303 0.6488753278571482 0.02822675776265933 0.007365043100532781
2 0.6570713391739674 0.6531124134770759 0.02768378168183486 0.021706099413935292
2 0.4936002178649238 0.6324614716735403 0.004490566912344149 0.004883872368135451
