2 0.005815854333283034 0.6159221166679751 0.011002967657562496 0.005495799638847395
2 0.03465934812132186 0.6171979272984218 0.020905638549368735 0.006869749548559328
2 0.010610004526935266 0.6446769254926591 0.020905638549368742 0.022964591348041165
0 0.3832779487636974 0.6412889600594119 0.01756322761942996 0.02982199633317084
2 0.40892583671588084 0.6322379261528464 0.02035104152727599 0.009631228387755616
2 0.40930958242996607 0.6263503049538267 0.008957116084224457 0.0038238724356155405
2 0.419836107742623 0.6279276523335181 0.003827827386420715 0.006787373573217582
2 0.44827686522372884 0.627162877846395 0.006813532747828845 0.007169760816779128
2 0.44774096938962993 0.6222874404909852 0.004057497029605935 0.0020075330286982197
0 0.44108054973725797 0.62592011930482 0.0025263660750376895 0.006596179951436851
2 0.4279812377533857 0.6330804139337237 0.01510054506465051 0.014796235981919722
2 0.40482792396691786 0.6531710176914853 0.04446432911336473 0.03333678196595051
2 0.4114101176141344 0.656792081939511 0.0498957896054734 0.028853559563632992
2 0.4224111265769647 0.6848409605591383 0.07152957292149974 0.06356979457645041
2 0.40789572959106685 0.7385962157493916 0.11317338162064283 0.13229174844939934
2 0.47560510473363016 0.6258581481163649 0.01142517455605035 0.003539860980005141
2 0.47925600637748095 0.6518171286364026 0.04879322667546319 0.044516433536428375
2 0.47362932266754626 0.6300952544409164 0.008504453240969866 0.00429074058182437
2 0.5096229176975094 0.6302025229554622 0.020187338501292004 0.012657684716382022
2 0.519802490516246 0.6337960181927401 0.01752432789048324 0.005899768300008624
2 0.5280921848369894 0.6322942589891015 0.012971438781681277 0.008259675620012024
2 0.5173542388256639 0.6230155324809061 0.011081560283687944 0.012872221745473278
2 0.5358322943705248 0.6302306538915533 0.00562061847241813 0.005423397173452978
2 0.5397914928382701 0.6323936401128717 0.007279064107912633 0.009089429129585453
2 0.5456582012237519 0.6333432819622313 0.008365491586705588 0.010988712828304744
2 0.5540236928104575 0.6327327979162144 0.01423219997218748 0.013023659648361175
2 0.5651595744680851 0.6311726720208378 0.0089087053261021 0.005833514217495096
0 0.5596187943262412 0.6342250922509225 0.00499756640244746 0.012481007163012783
2 0.5717867820887219 0.6391089646190579 0.021511264080100113 0.01845018450184502
2 0.5857473751912111 0.6380914912090296 0.01401491447642889 0.015329932711091803
2 0.5110323089046493 0.666420664206642 0.05857630680325714 0.06543665436654372
2 0.5448152548271352 0.6851855320583663 0.08580240246726906 0.09627812014160753
2 0.6112799729821006 0.750263574064312 0.1756163458291117 0.16157090142329988
2 0.6672930431795681 0.6458353045068912 0.05758622779899377 0.02191944996373043
2 0.810632924994627 0.8761042155876103 0.3774446593595529 0.24488426702448846
0 0.9633569739952719 0.7109471094710946 0.07223535592329916 0.08856088560885608
2 0.937582085631731 0.7888478884788848 0.12312844759653266 0.07954079540795411
2 0.7980347076091757 0.6541705526945379 0.04935962382770893 0.013178703215603608
2 0.8129724885044034 0.6459592068448157 0.06657054529394944 0.031223389156968543
2 0.8554315070272516 0.6494059446088966 0.0651092406411556 0.030817890596488377
2 0.9855688047177409 0.6405863509184542 0.028251889954017704 0.011151210413203027
2 0.9780236016938144 0.6550484570779774 0.043361780063907784 0.02791046591784601
2 0.9537448367235601 0.650926564210697 0.050333826929571536 0.030615141316248335
2 0.8995141973865377 0.6533595555735776 0.08118359182188967 0.02980414419528809
