2 0.7739324296016997 0.6646737353449483 0.014588383158272673 0.0149469849128871
2 0.7531720381841577 0.6616376290345182 0.006733099919202783 0.021019197533747515
0 0.5178876021186821 0.6511280302676444 0.012718077625160825 0.0149469849128871
2 0.5064787383666995 0.6423700312952496 0.00785528323906989 0.00910831893129054
2 0.49160980937846 0.648325470596478 0.011408863751982534 0.014012798355831677
2 0.48048149145644437 0.6493764304731654 0.01458838315827274 0.017048904666261886
2 0.4756186970703534 0.6442384044093605 0.008977466558937065 0.009575412209818335
2 0.47926579285992155 0.6403848848615069 0.00879043600562588 0.005138026063804909
2 0.4589729778256576 0.6408519781400345 0.008229344345692259 0.008407679013498972
2 0.4615914055720142 0.6352468587977019 0.013840260945027934 0.005138026063804993
2 0.44485217105066277 0.6426035779345135 0.011034802645360164 0.013779251716567822
2 0.40108702157584464 0.6366481386332851 0.010286680432115359 0.007006399177915838
2 0.4232501421432205 0.6396842449437152 0.01795493311787413 0.007940585734971261
2 0.30252191998084804 0.6320939791676398 0.023752880270520988 0.007239945817179694
2 0.11558488194631475 0.6912980522210285 0.14850225932908398 0.08220841702087904
2 0.4937450748620962 0.6429697109471095 0.007079885736800608 0.0059578720787208436
2 0.49428376182033096 0.6379727859778598 0.00784943853427896 0.004035977859778598
