2 0.03205128205128205 0.6820891285835935 0.0641025641025641 0.08401930173147883
2 0.015237145390070922 0.6173124231242313 0.01539105594956659 0.01268450184501845
2 0.005463824862096139 0.6049162054120542 0.010619828605200946 0.0059578720787208436
2 0.018238401300236406 0.6088560885608856 0.012158934200157605 0.003843788437884407
2 0.21147310874704492 0.6298047355473555 0.020624014972419218 0.010378228782287823
2 0.2670348207249803 0.6321110086100862 0.016006698187549274 0.00922509225092251
2 0.3192874556737589 0.6366274600246002 0.00784943853427896 0.005573493234932294
2 0.3706935825453113 0.6393181119311193 0.01339021867612293 0.006726629766297691
2 0.391086731678487 0.6403751537515375 0.019084909377462548 0.005381303813038187
2 0.37908170803782504 0.639990774907749 0.022163120567375887 0.01422201722017223
2 0.44566771125405463 0.6430389885294201 0.013973647076071667 0.006579135558797379
2 0.4654828009602873 0.6450413341342716 0.00824674253669801 0.004862839326067664
2 0.4555179870617772 0.6413942046397207 0.02428207524694411 0.012157098315169203
2 0.4697779793648176 0.6396063960639607 0.01065204244323492 0.006293086186675816
2 0.5772147085234666 0.6510483709488257 0.012713728077409421 0.006293086186675816
2 0.5374674376232853 0.7407102733447717 0.15867100329764655 0.12010247491009951
2 0.8761076854737919 0.8638258866665101 0.24719361250395272 0.15574306061531956
2 0.8409751396605984 0.7217900204479751 0.11782686603122981 0.0893129950407784
2 0.8933949195163452 0.7130937551413731 0.015245968288386006 0.06815991726796247
2 0.896124136061797 0.6704350482995276 0.024845281655147433 0.006815991726796214
2 0.9156050955414012 0.6643241591651585 0.044608573880832995 0.011046607281359415
2 0.8426691361370857 0.6635015394739935 0.015057746457665147 0.01081157308388371
2 0.914381653641716 0.7174418877946741 0.017316408426314926 0.07826638775941898
2 0.9615312222372799 0.6726678731755471 0.024280616162984988 0.00940136789902931
