2 0.3472222222222222 0.6537515375153751 0.08215130023640661 0.02091020910209105
2 0.4002167060677699 0.6537515375153751 0.0644208037825059 0.040098400984009866
2 0.6469554150711109 0.6558952170991359 0.03181670556424145 0.024639543520035872
2 0.6570455486106727 0.6440592595836937 0.014556193923578278 0.013796577134910866
2 0.7228371989010286 0.6437119776603171 0.03681873362724426 0.030816794654432957
2 0.8101930528176196 0.6577225516664112 0.01803261353937729 0.016033387170932403
2 0.8373250157810701 0.660246131257124 0.020267844986570638 0.011205347655570769
2 0.7972959263665623 0.6455885105014899 0.007608665578396942 0.006813852273763264
2 0.8102860301488706 0.6439285000511829 0.008353866669164985 0.005751972975476193
2 0.8024490015909124 0.6442769616375409 0.004971601468991968 0.005627886467543896
2 0.8080051534793692 0.6381310227704624 0.005239781655216303 0.004137459888288571
2 0.7979299818314289 0.6389426052908123 0.004265464036374011 0.005134381642906141
0 0.9134461273390232 0.759271999499656 0.04031934928076292 0.13446744636937888
