2 0.9141055949566587 0.743050430504305 0.17060677698975577 0.09913899138991393
0 0.8456461780929867 0.7014760147601476 0.017927501970055118 0.04452644526445259
2 0.5905506570400186 0.6696918320534556 0.04166400442996185 0.04654100595060004
2 0.5820980555023108 0.6449253681726006 0.013311183523949489 0.003656793324689984
2 0.5636620663216407 0.6570592732954357 0.022229676484995606 0.02360293873209005
2 0.5481545375162395 0.6478341810445131 0.019434327944966242 0.014793391177155035
2 0.5364406960151641 0.6491639240716731 0.007720486443890761 0.015790698447525037
2 0.5271228675483994 0.6491639240716731 0.017038314910655397 0.020112363285794996
2 0.5139655021451711 0.6392647259805931 0.00744243061027932 0.005056717233839002
2 0.4712004295275198 0.6365313653136532 0.003849931741750767 0.004937373317395173
2 0.4805651283588053 0.6370510888207473 0.0026013052309126115 0.005976820331583577
2 0.4782239536509839 0.6319837846265787 0.004578297206406347 0.0038979263032066845
2 0.47650709219858156 0.6365313653136532 0.006347184763426877 0.007016267345772066
2 0.4653214797056572 0.6366612961904268 0.007491759065028464 0.005976820331583577
2 0.44373064628908204 0.6364014344368797 0.01113358638830616 0.008575437867054756
2 0.4272383711250958 0.6300348214749752 0.010821429760596656 0.016371290473468126
2 0.41901824659541176 0.6337378514630218 0.002913461858622184 0.007665921729639818
2 0.4125149835181301 0.6308793721740035 0.009884959877468139 0.015721636089600373
2 0.4093934172410349 0.6371160542591342 0.00593097592648087 0.008965230497375408
2 0.40127734492058736 0.6397796372329921 0.012798421736090256 0.013252949430902744
2 0.3860336962674392 0.6346473676004366 0.010197116505177645 0.006106751208357128
2 0.3752122665068425 0.6346473676004366 0.010613325342123652 0.005587027701262926
2 0.3729231179036393 0.6421833584533029 0.009780907668231637 0.013642742061223396
2 0.38338036493190825 0.644781975988774 0.019457763127226704 0.01832025362507147
2 0.3921727766123931 0.6289304090224002 0.026221156727599657 0.008185645236734021
0 0.27438567575666767 0.6384803284652565 0.010613325342123652 0.01195364066316724
2 0.28635167981886595 0.6414037731926616 0.026637365564545663 0.012863156800582093
0 0.29457180434854996 0.646795904578764 0.01644024905936802 0.02026921677667481
2 0.2506097459461259 0.6470557663323113 0.03340075916491858 0.023647419572787293
0 0.251234059201545 0.6462761810716698 0.012174108480671278 0.023907281326334393
2 0.2703276395964439 0.6657008471493167 0.06014217693870075 0.04274725845850006
0 0.3206638836520334 0.7253958615535522 0.04507436334799655 0.12798355831659586
2 0.2205367305840119 0.6490364903649036 0.03370983276420627 0.026513598469318066
2 0.179493914718501 0.6507448407817411 0.057131599684791166 0.032116987836545
