2 0.2685405610937526 0.6374990323329807 0.03327051199391625 0.017288984078651985
2 0.2726735439501397 0.6473047247954997 0.039469986278496925 0.027610765618145693
2 0.21853146853146857 0.6560782391040695 0.07046735770140025 0.04154517069646225
2 0.3988328456413563 0.6269192062549996 0.01942501942501945 0.02244987484839888
2 0.36556233364744006 0.6256289835625629 0.047529302848451825 0.0405129925425128
2 0.49150350568790285 0.6311697732361939 0.0027782829201269113 0.0026807960387296216
2 0.49700401157771795 0.6313573875595557 0.008040081924203144 0.011801072664664514
2 0.5075987841945289 0.6318924617817607 0.009962850388382322 0.01570901423299951
2 0.5140577507598784 0.6403795466526094 0.005825734549138756 0.010964681075382123
2 0.5323370482944951 0.647074327886136 0.03157716987504223 0.043120716921454944
2 0.5249493414387032 0.6579862941486557 0.027946639648767337 0.028676858197153425
0 0.5534869976359338 0.6555086979441224 0.008696386355960862 0.024775962045334728
2 0.5734971293481932 0.6650500790722192 0.03959810874704492 0.028887717448603033
2 0.5929521921810317 0.7168178668686249 0.10426667492541315 0.09233149100049948
0 0.7112852385673251 0.6915843351981906 0.019065049950430867 0.06507161845812004
0 0.7550554157451892 0.6982303694004681 0.018588423701670125 0.05693766615085504
2 0.866506520247083 0.6557751061381581 0.02637331909809597 0.01368884656588498
2 0.8518899819517528 0.6542871880331707 0.022878059940517066 0.014680791969210088
2 0.761330994687206 0.6502202118795382 0.027326571595617587 0.007737174145935019
2 0.7718962098680698 0.6585525532674681 0.020812679529220387 0.018053406340515044
2 0.6898370573730902 0.6438717612982582 0.009532524975215501 0.009324286791255004
2 0.07908204384268214 0.6214357598121435 0.03660272942187836 0.014256960751425735
