2 0.5713159968479117 0.6485821614972906 0.007188039102932736 0.00897576543333003
2 0.5873559729942708 0.6499950134636481 0.01663897940493681 0.010804162095674938
2 0.48395960350047695 0.6282773354049329 0.006117539712164578 0.003236874474007948
2 0.48147111277010485 0.6316436848579012 0.0038364232093235535 0.005567424095293617
2 0.48561859732072493 0.6333915970738655 0.005288042802040612 0.005955849032174534
2 0.48888474140433824 0.6309315724736194 0.00290323918543405 0.004661099242571421
2 0.47395379702210605 0.6328736971580242 0.005184355688275074 0.004402149284650698
2 0.3487718387822177 0.6237062370623707 0.018307097964596612 0.009360093600935971
0 0.3459609064175749 0.6294662946629467 0.004036210574871731 0.004320043200431935
0 0.34192469584270313 0.6286562865628657 0.0046128120855676346 0.005940059400593973
2 0.4663925092520391 0.6285620447827515 0.0085094005668808 0.010625760707868782
2 0.14198249113475178 0.824204335793358 0.28396498226950356 0.17931273062730627
2 0.38839866586031846 0.6856603449755427 0.06757747356460866 0.06293086186675816
2 0.2458753704258649 0.6308144067356167 0.015607831385475971 0.01689101398056233
0 0.24962124995837912 0.6369211579439739 0.008532281157393549 0.019229769762486405
0 0.25961026204508375 0.6322436463801258 0.004786401624879284 0.017670599241203715
0 0.28812056737588654 0.632503508133673 0.004786401624879317 0.009874746634790262
0 0.279588286218493 0.6319837846265787 0.006867445809609453 0.008315576113507571
2 0.3436282026707559 0.6357833848608756 0.03034949843460482 0.007978458162960026
2 0.365990990990991 0.631420165553007 0.015174749217302375 0.010721053156477473
0 0.4008330138649287 0.6331654532761544 0.0033943517986071087 0.005734516804627539
