2 0.8458499769028015 0.6606014336005429 0.017832395858808074 0.0114518386563176
2 0.8302254014836554 0.6702506680239216 0.0375329474742534 0.02820545446833777
2 0.8002499932067062 0.6599652203418586 0.025814515909893754 0.01102769648386141
2 0.7106634330588842 0.6513763413496203 0.012397760930409452 0.009543198880264737
2 0.7460734762642319 0.6717351656275184 0.03362680361946698 0.029477880985706428
2 0.7359684519442407 0.6908215633880477 0.05111953479525015 0.04135386181448022
2 0.8535773484416185 0.7315392119438436 0.13790386130811672 0.09479577554396233
2 0.6724740466646109 0.6523343494304508 0.027066844828176867 0.011551419862024638
2 0.5769263713297016 0.6558639499438472 0.02304107993284678 0.02909246483769188
2 0.5397951142631994 0.6433499117599871 0.008051529790660239 0.008770522487833495
2 0.5358121766539898 0.6367185410984544 0.00796587521841911 0.016043638697256463
2 0.5301161475999588 0.6401411840205358 0.0037688011786069686 0.005561794748382286
2 0.5257477644156645 0.6429755601903845 0.006338438345838877 0.006310497887587549
2 0.5087881591119333 0.6355954863896465 0.007880220646178049 0.006952243435477857
2 0.5160259704663035 0.6363976683245093 0.0057388563401514475 0.004492218835231827
2 0.5000513927433445 0.6409433659553987 0.003940110323089024 0.006310497887587549
2 0.49170007194984067 0.6388042141290978 0.01207729468599039 0.01208620781859991
2 0.4892589166409703 0.6394994384726456 0.009422002946517287 0.010267928766244187
2 0.4645903998355432 0.6320124070805925 0.01713091444821328 0.02481416118509013
2 0.4784236132524754 0.6409968447510562 0.022013225065954045 0.014760147601476014
2 0.44968650426559764 0.6380555109898924 0.008394148079624483 0.01123054708807961
2 0.4400075376023572 0.6380555109898924 0.01250556754719563 0.011872292635969834
2 0.4268595607633536 0.6384298625594952 0.012248603830472446 0.013690571688325557
2 0.4209922225648405 0.6432964329643296 0.02072840648233806 0.01978715439328303
2 0.3912700859971905 0.6392320444943579 0.0173022235926954 0.015081020375421127
2 0.3827474560592044 0.6508369431520402 0.027666426833864364 0.028664634472431647
2 0.3154939654099788 0.6600310739949504 0.10684957073534904 0.0996309963099631
2 0.25281510513873334 0.627500485531171 0.01664178175936293 0.0027189745581666694
2 0.18896976483762595 0.6414837832588851 0.03981585168595246 0.029131870266071114
2 0.15109804653477665 0.6202175179646533 0.0723217618514371 0.021169159060011686
0 0.1269130272489735 0.6515828316177898 0.01182033096926714 0.037677218877451873
