2 0.2051242981678487 0.7682772140221402 0.22786458333333334 0.1775830258302583
0 0.004063238770685579 0.6552121771217713 0.006648936170212766 0.028136531365313654
0 0.016437647754137117 0.6554428044280443 0.020316193853427898 0.02952029520295203
0 0.04192523640661939 0.6556734317343174 0.024010047281323877 0.029059040590405903
0 0.08126477541371159 0.654289667896679 0.016991725768321513 0.026291512915129153
2 0.16326832151300236 0.6482933579335793 0.05614657210401891 0.029981549815498155
0 0.19171099290780141 0.6505996309963099 0.008126477541371158 0.019833948339483393
0 0.20242316784869976 0.6501383763837638 0.016991725768321513 0.022601476014760147
0 0.23917700945626477 0.6482933579335793 0.005540780141843972 0.018911439114391145
2 0.29590760973739694 0.648831488314883 0.022629011990714158 0.018117748745055073
2 0.34566980544374165 0.6390724211296166 0.01566393521180759 0.006910508294272169
2 0.3943777978974901 0.6441208029101568 0.03908673272638867 0.01687995603360287
2 0.4305186170212766 0.6330719557195572 0.018099881796690306 0.0253690036900369
2 0.44123079196217496 0.6376845018450185 0.006279550827423168 0.009686346863468635
2 0.44381648936170215 0.6328413284132841 0.00775709219858156 0.011992619926199263
2 0.4748448581560284 0.639760147601476 0.012928486997635933 0.01014760147601476
0 0.4567449763593381 0.6392988929889298 0.005540780141843972 0.012915129151291513
2 0.4628398345153664 0.6344557195571956 0.008126477541371158 0.012453874538745387
2 0.45175827423167847 0.6337638376383764 0.004432624113475178 0.00922509225092251
2 0.5491342027718956 0.6462909445445165 0.040348783794382274 0.02044166768681907
2 0.6028368794326241 0.6459870848708487 0.025118203309692673 0.017066420664206643
2 0.5374556737588653 0.6392988929889298 0.025856973995271867 0.02029520295202952
2 0.4893191063403829 0.6335394435025431 0.010116499478201606 0.004820318473455001
2 0.5966738014610354 0.6402712675775406 0.013976742700146953 0.010637944217280006
0 0.34881956424509614 0.6372793457664305 0.002529124869550351 0.005983843622220019
2 0.3350348586830495 0.6385879145415658 0.006211320413786891 0.004465649752038907
