2 0.45014062117877235 0.6360011875980829 0.005604467269911141 0.00636213258684313
2 0.45837748974212655 0.6345166899944862 0.011888263905872094 0.01484497603596722
2 0.4658501127686748 0.6355770454256267 0.004075976196299 0.005937990414386939
2 0.47434172984429773 0.6363192942274251 0.006793293660498378 0.006150061500614951
2 0.47035066981875495 0.6385460406328202 0.007302790685035736 0.007634559104211789
2 0.4789272030651341 0.6407727870382153 0.007472623026548188 0.006998345845527418
2 0.4829182630906769 0.6379098273741357 0.005944131952936047 0.006786274759299322
2 0.4854657482133638 0.6358951520549688 0.004245808537811453 0.005301777155702567
2 0.48937189206815035 0.6375917207447936 0.003906143854786547 0.004877634983246459
2 0.4826635145784082 0.6760826228951945 0.04279775006113963 0.049624634177376295
2 0.42526018314719705 0.664948890868219 0.03804244449879082 0.04008143529711156
2 0.6449383168935626 0.650528057004708 0.02496535420233149 0.012936336259914355
2 0.6523260237493546 0.6537091232981296 0.011208934539822283 0.01039148322517712
2 0.624643352082824 0.6492556304873394 0.02615418059291866 0.01378462060482674
2 0.6057919621749409 0.646604741909488 0.010869269856797311 0.010179412138949025
2 0.7934266407247013 0.6638800901283348 0.02615117471076804 0.02743036279920324
2 0.816570430343731 0.6695947490448355 0.05779409611079727 0.032328641870489554
2 0.8591968451222828 0.6718806126114357 0.031119897905813883 0.02971622636580344
2 0.8914935458900813 0.6789014792802796 0.06537793677692011 0.04310485582731932
2 0.9494183978744325 0.6885347614538091 0.06040921358187413 0.05453417366032066
2 0.9848532396075231 0.6869020017633805 0.01307558735538402 0.03363484962283252
2 0.16958545891916552 0.7001780280960703 0.33813404670067604 0.5989059364277854
2 0.7235237161108596 0.6604773494543456 0.03175142095468032 0.01923529873596605
2 0.578916997077493 0.6435773019147514 0.011168816663874476 0.00871662259929689
2 0.49751030710019306 0.6385368201508104 0.0048537590936604345 0.003921778348218238
2 0.4935130937289433 0.6378237695420433 0.003426182889642656 0.003921778348218321
