2 0.5809940650366182 0.6395633886408795 0.018391773710922613 0.009547647924031686
2 0.5897766536064408 0.6418857894872655 0.014465439997354893 0.009547647924031686
2 0.6289366661707088 0.6451113462183573 0.028310932566251727 0.01238613784739243
2 0.6129213576022088 0.6442081903336516 0.015292036568632308 0.009547647924031686
2 0.6606573095934798 0.646401568910794 0.019838317710658224 0.012902226924367112
2 0.6717130387343153 0.6511753928728099 0.02252475656730969 0.01883725130957603
2 0.6761559953049315 0.6545299718731453 0.014052141711716051 0.01883725130957603
2 0.713146191869596 0.6536268159884397 0.021078212567574212 0.024256186617810264
2 0.736600869579593 0.6547880164116328 0.04029658284977424 0.02554640931024697
2 0.739183983864835 0.6811085593373416 0.09216551769743256 0.0379325471576394
2 0.8580982115325316 0.6593935504572437 0.042720217905231825 0.030482913524787367
2 0.8166628122109157 0.6630033691641264 0.041435399321615836 0.026472003850473252
2 0.9078849316476513 0.6652093694849992 0.02665998561003191 0.024466549013316234
2 0.9477143077397471 0.6974971923632279 0.07869513824647961 0.04251564254772988
2 0.8391471374241957 0.7069228300978663 0.09218573337444755 0.062169099951869096
2 0.4937450748620961 0.6309239562983865 0.008836276827515902 0.005788293177049355
2 0.4802009456264775 0.6290246725996671 0.007532563852964356 0.0034367990738730704
2 0.48331537106568395 0.6313761667028435 0.005649422889723234 0.0045221040445698555
0 0.49801835627868174 0.6374357861225671 0.00347656793213739 0.009044208089139711
0 0.4946866453437167 0.6359887128283047 0.0020279979604135166 0.007597134794877331
2 0.4777383766745468 0.6337276608060198 0.006083993881240483 0.006692713985963427
2 0.46767081537106564 0.6332754504015627 0.007387706855791962 0.00795890311844301
2 0.45782053956334307 0.6289342305187758 0.010284846799239843 0.01338542797192677
2 0.5006110510077333 0.7559884920883108 0.12771967784589494 0.16104822065169813
2 0.004257322594863165 0.7006379385827757 0.00851464518972633 0.04721996372506101
0 0.314916656649437 0.6326224279191944 0.0057599070401089586 0.015635749577834816
2 0.28261109107665183 0.6180811808118081 0.0393176263172657 0.012821314653824528
2 0.2762251071843571 0.6237100506598287 0.008013783707977716 0.009068734755144145
2 0.2622009856953961 0.6219901182062668 0.019533597788195703 0.008756019763587503
2 0.26170012421364747 0.6269935580711739 0.02153704371519013 0.011257739696041064
2 0.2966352125656128 0.6249609106260554 0.02028489001081859 0.007817874788917408
2 0.2933796129342469 0.6296516354994058 0.029801258164042145 0.010319594721370885
2 0.2907500901550667 0.639189442741885 0.035060303722402514 0.024391769341422235
2 0.17642845694594705 0.6179248233160298 0.02579436631005332 0.00875601976358742
2 0.16778859638578353 0.613077740946901 0.020034459269944325 0.007192444805803955
2 0.06511199262731898 0.6096378760397774 0.024542212605681766 0.014697604603164719
