2 0.4844946555939464 0.6265966505818905 0.005935422602089237 0.004573122654303452
0 0.48518922632397815 0.628173589428202 0.0015154270473419272 0.0033115715772542038
2 0.4819058010547373 0.6299870691014603 0.005303994665696812 0.005676979846721576
2 0.4729395243579641 0.6299870691014603 0.006061708189367776 0.006307755385246159
2 0.46397324766119097 0.6262024158703126 0.009345133458608641 0.011669347462705402
2 0.564244003960316 0.6342448039865014 0.017174839869875353 0.00599236761598391
2 0.5883014083368693 0.6365313653136532 0.014522842537026914 0.008673163654713531
2 0.6322487927097857 0.6373986816791245 0.015027984886140867 0.010723184154918486
2 0.6229668020448162 0.6508815088150882 0.03333939504152267 0.015611694578484188
2 0.6577666527603949 0.6394616887345345 0.017035182867473325 0.015194269589754662
2 0.6175253789459046 0.6376166702843499 0.005736337088026724 0.0071630128065986835
2 0.4749860937282715 0.7121771217712177 0.09230287859824778 0.10549164315172567
2 0.39094006396884995 0.682548296071196 0.06848838826310666 0.06359887128283052
0 0.38668988137073246 0.6269738373059406 0.0021297893638318995 0.004986536351850017
2 0.3760409345515727 0.6334563345633456 0.01623964389921836 0.012300123001230068
2 0.3799011777735182 0.6283035803331005 0.009051604796285624 0.006981150892590023
2 0.3373719464144996 0.6293839965426681 0.02249590015547462 0.009806854825305017
2 0.32213064127957747 0.620740666866128 0.030615722105083832 0.013131212393204974
2 0.31267970097757325 0.6240650244340281 0.015440972887781457 0.0038230112030849983
2 0.3090191255084872 0.6222366277716831 0.016106532063978888 0.005817625743825005
0 0.29450993546738224 0.6299657591170505 0.004392690562903339 0.01495960905555005
0 0.29184769876259237 0.6282204713939031 0.0033277958809873557 0.013796083906784948
0 0.28159808744915127 0.6302981948738405 0.004925137903861331 0.01462717329876002
0 0.26326310666110414 0.6294768830041242 0.006779307467667934 0.010853049706967688
0 0.20598664997914062 0.6270892120685913 0.00938673341677096 0.014760147601476014
0 0.19364483382005282 0.6288257000217061 0.007300792657488506 0.020837855437377914
0 0.1631379502155472 0.6331669199044933 0.00851759143373663 0.02344258736705013
0 0.17574050896954527 0.6324072064250055 0.0076484494507022644 0.019318428478402396
0 0.14627659574468085 0.6277403950510093 0.0071269642608816595 0.020403733449099182
0 0.1352384925601446 0.6307792489689603 0.006953135864274797 0.028652051226394568
2 0.10142886942010847 0.623507705665292 0.02138089278264498 0.018016062513566373
2 0.09682241691002641 0.6220968092033862 0.036503963287442646 0.014760147601476014
2 0.060280544238217396 0.6170016487398916 0.035366681756450885 0.017468791709193687
0 0.02444230672501383 0.6299560336028892 0.018705045017856244 0.028852948103949075
2 0.0823512028925045 0.6475200781419579 0.08126477541371159 0.03662904276101584
2 0.01075879639193004 0.6145881847167987 0.020369987835387546 0.00895640024361415
2 0.6551696268008325 0.6561642539502319 0.05455537370430991 0.02113098054057464
2 0.7391183423724099 0.6642066420664207 0.031984424975664096 0.014760147601476014
