0 0.23322422258592473 0.6480272495032643 0.017275868339698124 0.04030655691172298
0 0.18656297692791093 0.6409687514596665 0.029737857976479033 0.03619972908589847
2 0.12549750127180775 0.6192489140081274 0.008977466558937082 0.004437386146013342
2 0.09650776550857347 0.6163295810173292 0.008977466558937065 0.005138026063804909
2 0.1332592692342221 0.6304591526927927 0.02711943023012238 0.024055303844177724
2 0.04077266062183918 0.6149283011817459 0.028428644103300715 0.007006399177915838
2 0.0606914145494808 0.6229856602363492 0.05966274650626925 0.014246344995095448
2 0.019357662267708048 0.6144612079032183 0.0117829248586049 0.0046709327852771975
2 0.41437714310054735 0.6347860775905055 0.008252933784848652 0.002327050297529952
2 0.3327130321811173 0.632209700475383 0.01078205865439907 0.009474419068514988
2 0.383628309160224 0.6427645357534656 0.027687261729814894 0.024267810245670023
2 0.35314569889037967 0.6525713905787707 0.04978382637957106 0.04221934111233008
2 0.43401113879837283 0.6430138625710581 0.021431005473558702 0.01977992752900505
2 0.4843274125189018 0.6332901166849506 0.04725470151002064 0.04687344170739007
2 0.5038948522991076 0.651158538612413 0.04618980682810473 0.029420564475915054
2 0.537239367026601 0.6487483793756855 0.03327795880987369 0.021275888434560013
2 0.5304506634293867 0.6392739603071705 0.021830340979277156 0.008310893919750055
2 0.5279880944774561 0.6340380971377281 0.007587374608651188 0.0028257039327149952
2 0.5748434604817583 0.6401050496991456 0.007321150938172176 0.013629866028390017
2 0.5668567503673886 0.6473355274093282 0.007321150938172242 0.007479804527774982
2 0.5584707047473004 0.6449253681726006 0.00705492726769323 0.007313586649379968
2 0.5673226417907269 0.6420996642398856 0.004525802398142812 0.0023270502975300355
2 0.7426974847187612 0.6841527874738206 0.07041616084169272 0.06515740833084008
2 0.7299853044533895 0.6506598849772282 0.014908525546823363 0.002160832419135021
2 0.9845124379698846 0.6771799474751504 0.030384107511767188 0.014643795086599614
2 0.9529476284795433 0.6782520527907981 0.060166549528251616 0.026096206908015014
2 0.9204683406811065 0.6730161896213556 0.048985155368134026 0.019613709650610035
2 0.8999691180542244 0.6701904856886406 0.013311183523949423 0.012964994514809959
2 0.8429306966541009 0.6594694325321632 0.010249611313441112 0.005152754230245031
2 0.8590372287180796 0.6742628237093181 0.055507635294869365 0.021774542069745058
2 0.8391370093497752 0.6694425052358631 0.04153089259472248 0.02077723479937497
2 0.8279556151896577 0.6700242678102456 0.03594019551466361 0.01761909510987003
