2 0.5377860938805582 0.6510261716764 0.03870105010610429 0.02025005164567235
2 0.4966166960821064 0.6511045164088918 0.054006456867349444 0.02879375089426384
2 0.43730040230600137 0.6302194600893376 0.005702791257102561 0.005826374053214256
2 0.4433185476829958 0.6391218957446027 0.036402762488881746 0.0106837474677127
2 0.44535101324104254 0.6484552274285733 0.03993935162400431 0.020674762563917922
0 0.43885570901248383 0.6564381433288017 0.020218987184272744 0.031073994950475782
2 0.4261854078813301 0.6598997434828521 0.01457893653741049 0.035407695679370466
2 0.3118522031992692 0.6596440922505101 0.22969337408963372 0.23428786081357292
2 0.18741445813114344 0.6868647633844759 0.04095640993737297 0.06991648863857057
2 0.18715524034672967 0.6389590211691589 0.044585458919165516 0.02977924516087267
2 0.17273810854099156 0.6255064059189032 0.05618916967623469 0.015821512556392775
2 0.1194911432712875 0.6510921461879721 0.13633204391472878 0.0760562416217525
2 0.024625689519306534 0.625040460930925 0.047177636763303055 0.025247620897261607
2 0.0342167475426154 0.6247167734835243 0.040437974368545467 0.023305496212856856
2 0.02825473850109908 0.6438143328801708 0.055472605864543154 0.04207936816210265
2 0.0904670067603998 0.7253835696251698 0.1788602712454896 0.1443646015407522
2 0.4288634412973754 0.6345923331844784 0.0062113204137868245 0.008931299504077814
2 0.4295222177048983 0.6285989611488472 0.004517323937299558 0.005405786541941813
2 0.5052571541933244 0.6385312104869301 0.024384598852683938 0.012644182385879771
