2 0.8393202542138712 0.8340921071548378 0.3200700009210647 0.22475679302247573
2 0.8262718369101347 0.7185987444290027 0.16655920911240057 0.07332151243590354
2 0.7249547143164166 0.7087746202137346 0.0898038132080685 0.06709158000670913
2 0.6731448220809922 0.6874490822830306 0.07368518006815877 0.060861647577514735
2 0.6366860090264346 0.6788230219964537 0.04221546774738272 0.04936023386207884
2 0.6148107211937 0.6728327023529975 0.02916705044364622 0.038338045718119565
2 0.5986920880537903 0.6680404466382326 0.023026618771299634 0.028753534288589653
2 0.5885219980964661 0.6639670292806824 0.018805071996561323 0.027315857574160125
2 0.5777762426698597 0.6598936119231321 0.01189708636517148 0.023002827430871706
2 0.5750898038132081 0.657737096851488 0.018037518037517998 0.024440504145301235
0 0.5616077923258774 0.6601263128015895 0.009376704855428275 0.025191598069826918
0 0.5525152300418258 0.6585296622196991 0.010513275140934721 0.026256031791087153
2 0.5353246044735406 0.6516108430315072 0.01875340971085655 0.020224240703945528
2 0.5231064739043462 0.6464660800454157 0.010229132569558142 0.011353959693443069
0 0.5150084106201127 0.6462886744252058 0.004262138570649204 0.013837638376383764
2 0.5007702549888904 0.6551650728708879 0.023645887549042312 0.025179363199467474
2 0.3744999090743772 0.6375957990349134 0.010229132569558076 0.012773204655123441
2 0.3652652755046372 0.6370635821742833 0.017900981996726684 0.012418393414703391
2 0.33543030551009273 0.6390150439965937 0.01676441171122017 0.01774056202100483
2 0.323496317512275 0.6388376383763837 0.013354700854700901 0.018095373261424883
2 0.31085197308601564 0.639724666477434 0.017616839425350105 0.01845018450184502
2 0.29508206037461354 0.6393698552370138 0.017332696853973425 0.019159806982685205
2 0.2832901436624841 0.6413213170593244 0.015911983997090404 0.020933863184785715
2 0.26268980723767954 0.643627590122055 0.04290552827786872 0.02625603179108707
0 0.17655783671897565 0.642431667529345 0.011576302643261368 0.03096041141406895
2 0.22504091653027825 0.6416761282997445 0.037506819421713036 0.02661084303150729
0 0.24436261138388798 0.6452242407039456 0.011933987997817811 0.031578200397388595
2 0.5004109942664602 0.6399245026933028 0.01919105459090783 0.006574203673071226
2 0.4033561657675133 0.633771722332608 0.01389141460063449 0.00504620430819691
0 0.3835293285647896 0.6373986816791245 0.0035359964437978748 0.011669347462705402
0 0.38946475116687884 0.6340871101018702 0.0035359964437978748 0.005992367615983826
2 0.3182172844682015 0.6292149128387835 0.014557057843925057 0.005998582153309167
2 0.4886632280249301 0.6387677513138768 0.003581918475535464 0.0036900369003690036
2 0.49251379038613075 0.6396623057139662 0.0028655347804283447 0.0034663983003465917
