2 0.024074625138454923 0.6242097386008826 0.01632528228272909 0.006709158000670855
2 0.0665410239878325 0.6274352953319743 0.011985650283522624 0.004386757154284874
2 0.27126144147420744 0.6854164695493109 0.09117819401507347 0.07332765635348662
2 0.3724537194389686 0.6421607347063887 0.011518213883790695 0.003536776581823332
2 0.38855089539951215 0.6556004857173173 0.03521552277585172 0.027822642443676843
2 0.476353673366113 0.6464048666045766 0.005381460585049724 0.006837768058191758
2 0.4659683985528592 0.6547752378482251 0.020676138037296312 0.023578510545488793
2 0.49122349866690834 0.6724591207573418 0.07231927733593156 0.046685450880067945
2 0.578922938175311 0.6535082431027002 0.19844570806116418 0.08492629920183524
2 0.744286840031521 0.6621566215662156 0.023903335960073623 0.006396063960639579
2 0.7159837142106645 0.6789667896678967 0.07578145521407943 0.03640836408364078
2 0.9819411610191752 0.6804428044280443 0.018781192540057685 0.00754407544075437
2 0.9871946414499607 0.6824928249282494 0.017205148410822154 0.005740057400573959
2 0.9874573154715 0.7755637556375564 0.024297346992382438 0.096760967609676
2 0.9204754399789861 0.674210742107421 0.014841082216968726 0.007216072160721645
2 0.939190964013659 0.6773267732677327 0.016811137378513204 0.005576055760557596
2 0.9171920147097452 0.6910209102091021 0.05240346729708423 0.02181221812218121
2 0.9278959810874704 0.6938089380893808 0.03966377725242985 0.02181221812218121
2 0.9485815602836879 0.6953669536695366 0.054242185447859234 0.02591225912259129
2 0.9788383241397425 0.6983599835998361 0.04173233517205147 0.02763427634276344
