0 0.0409295943045026 0.6330321923908894 0.009850275807722618 0.027569241209653397
0 0.05298769055188718 0.6326080502184332 0.01970055161544523 0.029265809899478332
0 0.0772737153881688 0.6345166899944862 0.02411619249476915 0.030538236416846908
0 0.11548599222847206 0.6372736141154515 0.016303904785196065 0.028417525554565948
2 0.1995530012771392 0.6336684056495737 0.0574033314312111 0.029689952071934523
0 0.21874405586804707 0.6408788225813292 0.011548599222847188 0.023751961657547584
0 0.23666961426219107 0.6391419098269369 0.01592498633755149 0.022359083682376154
0 0.2690144289557349 0.6404546804088731 0.006793293660498344 0.018662255588073114
2 0.3160993922906177 0.6441653932283598 0.029000979012145177 0.020479176642911507
2 0.3275084024550963 0.7392764929804471 0.1554231287872612 0.1459115345463799
2 0.3804704277425875 0.6367895740026103 0.016629389764134767 0.006666478878529196
2 0.43714844705306916 0.6451202443058913 0.03804244449879082 0.019510539932985498
2 0.46686910681774946 0.6368494719429952 0.01596424010217116 0.02756924120965348
2 0.4765495502839597 0.6413029647537855 0.004075976196299 0.008482843449124174
2 0.47790820901605935 0.6372736141154515 0.007472623026548188 0.0114518386563176
2 0.48572049672563244 0.6400305382364169 0.005434634928398622 0.005089706069474554
0 0.49234395804461834 0.6434236756160665 0.005094970245373783 0.01272426517368626
2 0.4970992636069672 0.6389701828052763 0.007812287709573094 0.012300123001230068
2 0.5100065215619141 0.6453323153921194 0.013926252004021662 0.0114518386563176
2 0.5244422705904731 0.6434236756160665 0.012907257954946877 0.013572549518598645
2 0.5937338659275564 0.6576324383933495 0.04687372625743863 0.019934682105441776
2 0.5781092905084101 0.6489375238579973 0.027173174641993376 0.02120710862281035
2 0.6633651259476645 0.6595410781694024 0.015624575419146322 0.016965686898248348
2 0.013851950354609928 0.632879766297663 0.022163120567375887 0.019603321033210334
0 0.382412520527674 0.6349116926283767 0.0023685777705593136 0.005633644122700788
2 0.3695001776111907 0.6356709940156396 0.006047967270544689 0.004684243733629039
