0 0.06911610191752035 0.6983804838048381 0.1382322038350407 0.09934399343993439
2 0.17951278497866904 0.6364253297705391 0.05162903181978751 0.03053823641684699
2 0.23105690062770032 0.6385460406328202 0.04500557050080162 0.028841667727022055
2 0.21526249286704166 0.6332442634771176 0.027343006983505898 0.02756924120965348
2 0.246851308388359 0.6319718369597489 0.025644683568381302 0.0229036773126352
2 0.2695239259802723 0.6309114815286084 0.023776527811744254 0.020358824277897966
2 0.3133406700904867 0.6285786995800992 0.018341892883345565 0.016965686898248265
2 0.3693004266188419 0.6261398820884762 0.009680443466210208 0.009543198880264737
2 0.3910389663324366 0.6227467447088264 0.007642455368060641 0.003605208465877799
2 0.41456074563191214 0.6206260338465454 0.008831281758647877 0.006150061500614951
2 0.43035515339257085 0.6232769224243966 0.004075976196299 0.0029689952071934272
2 0.43748811173609414 0.6363192942274251 0.015284910736121282 0.016753615812020253
2 0.43833727344365647 0.625821775459134 0.005094970245373783 0.003393137379649619
2 0.44631939349474203 0.6273062730627307 0.006453628977473405 0.004241421724562087
2 0.7208533735496317 0.6635704288077364 0.22027254694165924 0.09797684183738385
2 0.9069790053259423 0.6778852271281334 0.18496864894975687 0.10115790813080545
