2 0.03422659125594757 0.943995515904526 0.06845318251189514 0.1102340137325424
2 0.2379028638118323 0.7917231071044887 0.263339019062154 0.19711336353869865
2 0.0961337044019511 0.7396422065486477 0.1922674088039022 0.16862067354850757
2 0.24557111649759103 0.6800878135363632 0.11857737079929376 0.06259049932271475
2 0.37574438160217855 0.6999392778737913 0.10062243768141964 0.11350366668223638
2 0.14251728162312594 0.6497267504320613 0.05012418828739861 0.04670932785277223
2 0.05610916599335667 0.6396842449437152 0.06882724361851753 0.03222943621841275
2 0.030298949636412605 0.6364145919940212 0.03142113295627973 0.027558503433135643
0 0.19179623567921436 0.6374183934147034 0.01704855428259685 0.024481975588986647
0 0.20850381887615932 0.6386602327561737 0.01761683942535007 0.023417541867726408
2 0.2977814148026914 0.6429179676412149 0.030119112565921105 0.02128867442520585
2 0.31696103837061285 0.6406116945784843 0.016196126568467015 0.021643485665625815
2 0.3320205946535734 0.6439824013624751 0.027561829423531536 0.021288674425205763
2 0.3490691489361702 0.6377732046551234 0.016196126568467015 0.013837638376383764
2 0.39538438807055826 0.6367087709338631 0.009944989998181431 0.011708770933863204
2 0.42877114020731044 0.6352895259721828 0.004546281142025849 0.006031791087141628
2 0.46457310420076375 0.6342250922509225 0.003977995999272626 0.005322168606301441
2 0.4780698763411529 0.6368861765540733 0.004262138570649204 0.0042577348850412035
2 0.4708242407710493 0.6491271643485665 0.017616839425350105 0.01951461822310534
2 0.5040689216221131 0.6663355095089413 0.06251136570285504 0.03406187908032929
2 0.8125056828514274 0.6947204087425489 0.06222722313147852 0.03760999148453031
2 0.8039814057101292 0.669351405052512 0.19520594653573384 0.058543854669315935
2 0.9537245408256045 0.6869145614533068 0.09064148026913979 0.07025262560317906
2 0.46937951586588095 0.6360766072449456 0.004370192787933276 0.003767995426433134
2 0.47473820464156097 0.6343875058468895 0.004266140578696774 0.005327165947715824
2 0.48275022475277196 0.6365963307520399 0.0032256184863316893 0.0032482719193388477
