0 0.8906569299194615 0.707048595909688 0.0343090114997797 0.04065294890237033
2 0.7955360570608799 0.6777683161446999 0.06882564506677982 0.02901567477213238
2 0.783349497888505 0.6662566625666257 0.042684528500131304 0.012930898539754567
2 0.7549983835444829 0.6756394487021793 0.014775413711583925 0.01845018450184502
2 0.7140818532662505 0.6705143974516669 0.028919399486775424 0.024284858233197634
2 0.6940024448889697 0.6677547544706217 0.01957426602816665 0.022865613271517347
2 0.6744913216544424 0.6656258870281011 0.030561112121395756 0.023338694925410804
2 0.6361005031217797 0.6628662440470559 0.019700551615445188 0.017504021194058104
2 0.5974571134145603 0.6630239379316871 0.021468549837344125 0.0190809600403696
2 0.5843865551312359 0.6613681521430599 0.019321694853609774 0.020815592771312307
2 0.5704951405306016 0.6597123663544329 0.019826837202723727 0.019711735578894184
2 0.5771882766563619 0.6485161005456209 0.014775413711583925 0.006465449269877367
2 0.605539391000384 0.6530892231999244 0.0042937099674687715 0.004257734885041119
2 0.5562248691681316 0.6577411927965434 0.017553696631710768 0.017346327309426895
2 0.5432174536784466 0.655218090642445 0.01401770018791296 0.016084776232377647
2 0.5165080519690449 0.6634970195855806 0.056575943100765795 0.02885798088750117
2 0.4954815016871755 0.6622354685085312 0.020331979551837746 0.022234837732992764
2 0.4975020710836314 0.652773835430662 0.02765654361399037 0.010880878039549612
2 0.4891040795296115 0.6578200397388589 0.027277686852154957 0.02349638881004193
2 0.4802009456264775 0.6576623458542278 0.02563597421753456 0.019396347809631932
2 0.4676986724859065 0.6550603967578138 0.020079408377280738 0.016715551770902313
2 0.4638469620739124 0.6520642129498218 0.025004546281142 0.017977102847951478
2 0.45405982905982906 0.6504872741035103 0.01149198844234306 0.017346327309426895
2 0.41693186639995156 0.6625508562777935 0.024373118344749575 0.021288674425205763
2 0.40802873249681765 0.6556911722963384 0.024246832757471037 0.025231021540984635
2 0.43858984461821343 0.6455987636799446 0.011618274029621598 0.014823225155328482
2 0.27661279323513366 0.6516995458416122 0.024436261138388777 0.024659381209196713
2 0.29842073558828874 0.651078626170877 0.020600336424804473 0.01774056202100483
2 0.3046718721585742 0.6466434856656259 0.020600336424804508 0.018095373261424966
2 0.3908593713942863 0.6497586667840648 0.010833166669230709 0.014648085743330347
2 0.38271847099788203 0.6472372749757865 0.007756290928857539 0.011686450920908396
2 0.37053917119223806 0.6462767447631093 0.009679338266590762 0.01024565560189223
2 0.31829411338460006 0.6461452545559939 0.011944874686376289 0.013360478432370548
2 0.3254553771183754 0.6454383509352335 0.004642084001340554 0.01025010250102503
2 0.32909095474281125 0.6445505631526903 0.008160277507378064 0.010008923618647966
2 0.33466794913394826 0.6423799532112968 0.008498277167446984 0.009285386971516775
