2 0.33835697399527187 0.695004257734885 0.10115475541007458 0.08260005676979845
2 0.31073831605746494 0.6446210615952312 0.0691034733587925 0.026114107294919083
2 0.254591743953446 0.6379506102753335 0.054555373704309885 0.02639795628725514
0 0.3672258592471358 0.6424921941527107 0.005682851427532294 0.017314788532500704
0 0.3601791234769958 0.6426341186488788 0.007955991998545252 0.021004825432869707
2 0.13454317897371715 0.6356631213370958 0.08274231678486996 0.03451269806815714
2 0.4975633902586817 0.6549482462333648 0.06358228571916255 0.02837465197756667
0 0.49068242141826907 0.6379634193453848 0.003093768935999482 0.005062144484260673
2 0.46443872630599725 0.6343000253107224 0.006507582934343831 0.006261073441059263
2 0.4667323825861348 0.6330344891896572 0.0036271773732408368 0.005861430455459789
