0 0.4966298707287829 0.6537123892799503 0.01959941942029408 0.023867795146123933
2 0.49811651399750484 0.6301097918576721 0.00837374575851579 0.008789410276032928
2 0.5023033868767628 0.6343908408283261 0.010436842539599332 0.010986762845041118
2 0.5087353944883762 0.6377626404600801 0.011286352978869034 0.011820241405699542
2 0.5156528366367154 0.6436727611629298 0.017718360590482575 0.020458110125249097
2 0.46218822216909705 0.6323230648036817 0.022046909448296036 0.027281396409469673
2 0.4454538210215953 0.6365935569468054 0.013679708874545077 0.014428458891330506
2 0.4417018620341594 0.6249844520917119 0.010160172125268973 0.007131307268128875
2 0.4417682683879193 0.6275550395953396 0.008035168804951271 0.007131307268128875
2 0.43585810290328575 0.6293793275011401 0.008699232342550512 0.008623906463783752
2 0.433832709113608 0.6335254363779592 0.011023454724147985 0.011940793565239015
2 0.42729168326825506 0.6359716406152826 0.013878927935824917 0.012521248807993742
2 0.32408552788315287 0.6763637403815899 0.07845859218941847 0.05892617065705543
2 0.44884193820364043 0.6616907078161691 0.06592107655937443 0.03909374758083243
0 0.49226576185859816 0.6289986461015689 0.002657448509277687 0.00922509225092251
0 0.4875355035120839 0.6292309325970956 0.004251917614844273 0.009158724680771994
2 0.021679812642230616 0.626099251646722 0.02789377167981264 0.02172638548815394
