2 0.8667605340008343 0.8491245206569712 0.2629328327075512 0.19769191809565154
2 0.2042483660130719 0.7723753708125316 0.2613220228989941 0.1946313580782867
2 0.8988014532053955 0.6827924896896027 0.07192149909609237 0.0409702626438029
2 0.8617542761785565 0.678858259170827 0.05692879988874992 0.03527241154764486
2 0.8456751494924211 0.6731604080746689 0.07735363649005708 0.038528326459735134
2 0.8085193297177026 0.6720751031039721 0.05475594493116401 0.029845886694161015
2 0.7937439160061186 0.6673268938571738 0.06518564872757611 0.03391578033427396
0 0.7560448824920039 0.6765519861080963 0.012819844249756672 0.04585413501193835
2 0.6690220414406897 0.6654276101584545 0.048237380058406415 0.029574560451486903
2 0.48022882376555603 0.633259068439741 0.005352602703064376 0.00550024368168213
2 0.4758240777911593 0.6335375617907123 0.0035684018020429174 0.002854556847455234
2 0.47080601275703643 0.6317621666782706 0.0035684018020429174 0.0034811668871405823
2 0.4716144787903118 0.6300912065724431 0.002843570186002906 0.003341920211654912
2 0.46135532360943843 0.6346515351945973 0.007527097551184277 0.007728190489452099
2 0.43391913502989854 0.6328490805916464 0.006394401732324155 0.00798474371298329
2 0.42361359437391977 0.6320738627554342 0.004035302064088081 0.005504046637105018
2 0.3980576321001853 0.6348525647418637 0.006815325964262132 0.008443868222465966
2 0.4119278853321407 0.6355174362554437 0.004312823461759628 0.0051195106545660115
2 0.3730065085829559 0.6377360732462423 0.015119027983946397 0.014918574946035669
2 0.36645140554096517 0.6331812870901518 0.016176302668138406 0.019011281347160534
2 0.34625708237170305 0.6440911202461194 0.02260182049943001 0.01972109982382486
2 0.30387469438887876 0.643469896237424 0.027719686407629677 0.02034251111741885
