2 0.29477733503746584 0.6368247428057319 0.013365745265602413 0.008605739767645025
2 0.2908615893541839 0.6453652875751372 0.01931767870419101 0.017081089538810608
2 0.2677847947940422 0.6324566779236697 0.02098839686239132 0.00795378978524766
2 0.26402567893809153 0.6512328374167133 0.03894861706304453 0.03351022909522377
2 0.19859518602543924 0.6493188851196868 0.051437175111220146 0.03743207460893052
2 0.1757294881490111 0.6480959622276338 0.023759887178858304 0.025415527930495483
2 0.45059429170314 0.6492884828092613 0.021958423400086902 0.023329956221476506
2 0.4077939749063603 0.638878303140714 0.012281830037336737 0.01310567261843904
2 0.37898750081878857 0.6361828101908222 0.011835218035979062 0.010874919832321719
2 0.4234947597606302 0.6398242456539006 0.013607874208488777 0.009752958565007993
0 0.5832802082503254 0.6694722003399809 0.0073711052673519645 0.03690036900369004
0 0.5889579514967991 0.6709233384468676 0.0059765718383934935 0.036154069405862556
0 0.5950009296889526 0.6719598656660725 0.007304698913592041 0.03607114722832618
0 0.7262222907458801 0.6795015776244718 0.03691712063589953 0.04256912134338728
2 0.7934397163120568 0.6783281294351405 0.10160938352427713 0.049247800170309435
2 0.9952771920857026 0.6992786144077656 0.008785381125806745 0.02958678235431007
0 0.2975541007455901 0.6593812091967074 0.03864338970721951 0.039738858927050785
