2 0.44617587320613994 0.6353619874226911 0.002913461858622184 0.004937373317395173
2 0.4423779675690075 0.6353619874226912 0.005514767089534863 0.007535990852866268
2 0.43800777478107417 0.6342575749701159 0.0048904538341157855 0.0058468894548100265
2 0.4323369293776846 0.6358167454913985 0.005826923717244368 0.007146198222545617
2 0.41600073252755304 0.6413388077542748 0.004994506043352354 0.010654331895431648
2 0.3448060075093868 0.6446711525938789 0.010290641079126667 0.014760147601476014
2 0.3580517313308302 0.6437594964184936 0.023293005145320518 0.024571304536574832
2 0.37887637324433315 0.6346429346646408 0.03532193019051598 0.036553071413067136
2 0.332464191350299 0.6450618623833296 0.008552357113058006 0.017972650314738457
2 0.29445730338190057 0.6352576078062036 0.07060051237920019 0.06252991400206886
2 0.1315839940863477 0.6518520937421763 0.07487953025516575 0.043866810349519385
2 0.02297273227759966 0.6640802709396957 0.04513585284497555 0.05080119294343629
2 0.19157088122605365 0.7699770963226874 0.2557675063177631 0.17591296602621195
2 0.4774962936250351 0.6409406466946025 0.008164042152502328 0.01213334167239978
2 0.4867872741114717 0.6398774157233097 0.006511199262731878 0.007004815810869986
2 0.4933986456705533 0.6376258677841016 0.011519814080217985 0.009131277753455526
2 0.5019633770084545 0.6408781036962912 0.007512922226229127 0.009006191756832767
0 0.6400211096571297 0.6680731955383336 0.010770233229400584 0.028915095529087397
0 0.7134015790177974 0.6801503864095244 0.01817654667915609 0.03954605583791685
0 0.7169978589589189 0.6787231079857968 0.012545162585307152 0.028475945136809837
0 0.7476058566281077 0.6783846464418842 0.015414553744909479 0.03718205120982503
2 0.9926567159566743 0.6930275185104793 0.009850275807722662 0.027735571473361795
0 0.8488620034302137 0.6979716855992089 0.033993108669787934 0.052094638593444785
