0 0.8571642366501282 0.7026907178943034 0.0325946894753397 0.05289580792803629
0 0.7242787330419354 0.69000150433159 0.019487955734702994 0.042740715176935944
0 0.7279637283081337 0.689470563770386 0.014810846358374334 0.031767943578716346
2 0.5002532928064842 0.6462261935207753 0.007230966257720051 0.008716211631706074
2 0.4832835107218929 0.6442689603699431 0.006645801358251323 0.007202617995062526
2 0.4807756611527414 0.6413722553067115 0.008484891042295743 0.008611825863661788
2 0.47472554342141043 0.6452462201613166 0.008727954559718825 0.012776344577605079
2 0.44367212819220636 0.6404804082702872 0.0023558718569596155 0.0061394028151719685
2 0.4393188867173896 0.6405443603829452 0.0071700447820511 0.008953295772125886
2 0.4345303210950912 0.6399687913690228 0.004148383052472407 0.00869748732149365
2 0.4298697919867579 0.6406402885519323 0.0054799627977104946 0.006842876054410448
2 0.419418949612942 0.6416684755082843 0.008169934640522904 0.007452427465451143
2 0.3995739578549926 0.6465528684063819 0.008007778174623472 0.012123142814161972
2 0.3566284282189409 0.6383965478999052 0.04392254130656636 0.043957816627346644
2 0.32194848824188127 0.6506117692755875 0.03193563103977434 0.032109794782158335
2 0.28437657114127707 0.6513082099146783 0.02961768449878587 0.02312534437561575
2 0.19173515830405866 0.6401524295616787 0.14154017807825722 0.09742387143497602
