0 0.5873632868313718 0.7540245732127651 0.04367677240017663 0.13786951056323749
0 0.5735620762216507 0.7429747374396821 0.02711531966851119 0.1425327440087588
2 0.49818301387258984 0.6377481040997461 0.005952684660782022 0.005840346173245908
2 0.5001672420928506 0.6403143168122329 0.004960570550651674 0.006194306547382017
2 0.5023640661938534 0.6421726087764476 0.005385762312136061 0.006902227295654232
2 0.5050569473499216 0.6448715566292353 0.009070757578334506 0.011061261691753648
0 0.5120371787676242 0.6600476076703213 0.009708545220561087 0.02495420637659616
2 0.5222063483964601 0.6565964940224942 0.01573209517492386 0.017521038519737724
2 0.4892894195282072 0.6470838089675861 0.021046992193479237 0.01495482580725092
2 0.5547646040408835 0.6726429717828777 0.04526000333957304 0.043484821465314974
2 0.47982046286995605 0.6346309171246218 0.007673068923183086 0.010056538333623648
2 0.46907452072625644 0.6360458341425519 0.0036489888113628126 0.005826374053214172
2 0.46698083862137607 0.6366060624168994 0.003050793924254189 0.006199859569445872
2 0.4628532939003263 0.6366807595201457 0.005922129382375771 0.007992590047357943
2 0.4608792507728677 0.6388843240659127 0.005443573472688818 0.008366075563589643
2 0.45740972042763756 0.6410131915084333 0.008075630975966922 0.007992590047357943
2 0.35909639073132915 0.6630114884144792 0.03385783061035022 0.030625812330997825
0 0.3372323676075076 0.674290751004676 0.02027880667298361 0.05303494330489869
2 0.26934852536526754 0.6751557679511221 0.08661783513544934 0.06617869457383099
0 0.14488860233541084 0.6803086212680308 0.025073429328748467 0.07424801520742473
