0 0.5068329242919074 0.660989171199614 0.010387075579260592 0.023527755713524372
2 0.5337668528288274 0.6622459957569603 0.030436547046205603 0.02966105955337486
2 0.5146433609677855 0.6527444021034217 0.013124754414104552 0.013272067325577883
0 0.4254826635145785 0.6750307503075031 0.02058707643814029 0.052152521525215226
0 0.4208530338849488 0.6720172201722017 0.01743498817966903 0.05448954489544898
0 0.41888297872340424 0.6538745387453875 0.008175728920409726 0.02410824108241088
2 0.3947005516154452 0.6550430504305044 0.023443656422379805 0.021771217712177122
2 0.36092554127135607 0.6578294015130126 0.046626371501462725 0.03748454371087247
0 0.30197344027131257 0.6587830988199992 0.011933987997817811 0.040651230688131014
0 0.042005852838244366 0.6526592979555662 0.010714734192695963 0.04388842964642117
0 0.029789690924278904 0.6545767536197302 0.012898629059997054 0.04278056637379306
2 0.47962825517254015 0.6364598529706227 0.005841442630161102 0.00686518493091911
2 0.45981316546630746 0.6403215194942646 0.009277585353785296 0.008867530535770472
