2 0.5967688087632865 0.6530097743725528 0.036656560734845654 0.014788315822089547
2 0.49774674940898345 0.6356771901052344 0.0067720646178093214 0.007175071750717554
2 0.4998672948953682 0.6387522208555418 0.007592920935119487 0.008200082000819989
2 0.5033217318973819 0.6408876588765887 0.006977278697136846 0.008370917042503772
2 0.5067761688993959 0.6443897772311056 0.012518058838980817 0.014350143501435023
0 0.5181313479555205 0.6587399207325406 0.00896101479730323 0.022379390460571233
2 0.5475811326875156 0.6721467422574433 0.03477290711333265 0.03413859502420388
2 0.47336847352393924 0.6321210393732329 0.01061115306218136 0.015176143410703459
2 0.46294239871284243 0.6331225107658175 0.00530557653109068 0.006856227226155347
2 0.46053638144874315 0.634085464027918 0.003701565021691146 0.007241408530995527
2 0.45516911216729106 0.6343550909413062 0.008020057546997538 0.010091750186812931
2 0.45202278189885353 0.6367046969008312 0.007403130043382358 0.010168786447780968
2 0.44801275312535477 0.6393624479042285 0.010487767561458325 0.010245822708749004
2 0.42411808680540386 0.6565159080748918 0.02578870976354484 0.024322419815573884
2 0.38362346872985165 0.659789779715979 0.034744609212694295 0.04237951470423792
2 0.35028362928157025 0.6422312362081437 0.02390463955323256 0.015565912482946165
