2 0.5914543384992557 0.7000820008200082 0.07880220646178095 0.08596419297526303
2 0.4695425646675388 0.6419589438612833 0.004590419793890141 0.009243005051409682
2 0.4751945190387661 0.6439293519148783 0.00992678280428751 0.012610611543008639
0 0.45975923248181044 0.646258015978218 0.00602492597948081 0.01798445168917708
0 0.4557426151621566 0.6497330992727403 0.005680644494939022 0.011464192311826004
0 0.4506782083434458 0.6420032831507022 0.00280901401360914 0.007646654413312174
0 0.43885225934615146 0.642810040267703 0.004662963262591128 0.010242307746271407
2 0.38635796241949955 0.6477843873266319 0.018405580011412737 0.02091551087924672
2 0.375244558571778 0.6517607201934089 0.013119548381837444 0.021869830767273234
2 0.35330621610346263 0.6500976774473628 0.033151558495738684 0.03317932338987255
0 0.3591108429187278 0.6587801172129369 0.010243459085761939 0.036280194734720383
2 0.31104047742605084 0.6543965439654397 0.05138960964077722 0.05202052020520206
2 0.2523697673181151 0.6723342153035677 0.058721579895555404 0.047816233789347524
0 0.2469683040014009 0.6858685253519201 0.04366955608090358 0.06437064370643711
2 0.18052272130286315 0.6862648626486265 0.10441292356185973 0.0674046740467405
