2 0.22223253065039308 0.6469364112245773 0.04638792676892627 0.030249721101862182
2 0.2699584650203894 0.6364330167821933 0.0328272517856513 0.017309341536912222
0 0.3227933254701326 0.6391414886071107 0.011296968582938886 0.015063001601938292
0 0.34653610689868214 0.6425685207176046 0.016530592446221293 0.018410335291257886
2 0.36279385536301156 0.6399923480817346 0.013626438839059653 0.016512034151719406
2 0.38921058144058407 0.6418528923083082 0.013305887935567492 0.013478977466085673
2 0.38172935930813656 0.6418195285026991 0.004969668987982984 0.010609690183701111
2 0.4031577169875042 0.6411522523905167 0.01106152129583321 0.013812615522176967
2 0.4191829804150438 0.6357887371360297 0.022995724381177144 0.02079358897345675
2 0.43551787428581096 0.6398154321435879 0.005973601965685053 0.005875014027421166
2 0.43977340488968397 0.6367459023427444 0.0035947339262530015 0.004620797549657047
2 0.43189670849245315 0.6379671131237251 0.0027489141788993145 0.004158717794691367
2 0.44547155087332735 0.6494823200659191 0.021173311299318313 0.02099380217103139
2 0.4825550594691263 0.641167810641837 0.004402001494383766 0.005449018220752131
2 0.4762391442815321 0.6427929564269736 0.009301620549002286 0.01156721411773703
2 0.4928136368647338 0.6415023994799534 0.0059331324489520785 0.006978567194998397
